5   0.0804169
4.8   0.0864463
4.6   0.0926671
4.4   0.0988227
4.2   0.104669
4   0.110797
3.8   0.117577
3.6   0.12508
3.4   0.133237
3.2   0.14152
3   0.150012
2.8   0.158727
2.6   0.168295
2.4   0.178348
2.2   0.189242
2   0.200635
1.8   0.21199
1.6   0.223545
1.4   0.235898
1.2   0.248706
1   0.261526
0.8   0.273933
0.6   0.285605
0.4   0.296727
0.2   0.307497
2.68221e-07   0.31276
-0.2   0.327049
-0.4   0.334537
-0.6   0.339481
-0.8   0.342769
-1   0.343947
-1.2   0.344033
-1.4   0.342304
-1.6   0.33816
-1.8   0.331378
-2   0.32219
-2.2   0.310978
-2.4   0.298883
-2.6   0.285783
-2.8   0.27139
-3   0.25582
-3.2   0.239002
-3.4   0.221791
-3.6   0.205204
-3.8   0.189231
-4   0.17312
-4.2   0.15709
-4.4   0.141903
-4.6   0.127808
-4.8   0.115388
-5   0.103822
