 0.680682  -0.059345  4.011573 5.429889 8.354506 1.150733
 0.681722  -0.059691  4.024643 5.446430 8.320889 1.150457
 0.685572  -0.060307  3.987598 5.642519 8.322507 1.146595
 0.686257  -0.059332  3.929238 5.795477 8.294525 1.144219
 0.688497  -0.059678  3.837615 5.945867 8.252999 1.142669
 0.690979  -0.060787  3.807758 5.933528 8.215130 1.144033
 0.693282  -0.059744  3.786453 5.968699 8.171649 1.146800
 0.693282  -0.059744  3.786453 5.968699 8.171649 1.146800
 0.693923  -0.060030  3.775374 5.972406 8.178672 1.146894
 0.695385  -0.060623  3.717570 6.008687 8.239912 1.147428
 0.695626  -0.060594  3.709262 6.015402 8.247447 1.147507
 0.696843  -0.059737  3.667785 6.032697 8.290035 1.147457
 0.697837  -0.059181  3.553136 6.077934 8.383042 1.147163
 0.697991  -0.059282  3.552164 6.077521 8.383156 1.147163
 0.698841  -0.060553  3.541380 6.081314 8.353071 1.147264
 0.698841  -0.060553  3.541380 6.081314 8.353071 1.147264
 0.699086  -0.060110  3.538140 6.082056 8.354716 1.147465
 0.699086  -0.060110  3.538140 6.082056 8.354716 1.147465
 0.699086  -0.060110  3.538140 6.082056 8.354716 1.147465
 0.699086  -0.060110  3.538140 6.082056 8.354716 1.147465
 0.699151  -0.059977  3.549184 6.181432 8.296375 1.147769
 0.699151  -0.059977  3.549184 6.181432 8.296375 1.147769
 0.699151  -0.059977  3.549184 6.181432 8.296375 1.147769
 0.699211  -0.059968  3.549722 6.182148 8.296810 1.147767
 0.699214  -0.060050  3.553856 6.183202 8.297658 1.147781
 0.699754  -0.060234  3.528261 6.206297 8.304439 1.147778
 0.699754  -0.060234  3.528261 6.206297 8.304439 1.147778
 0.699754  -0.060234  3.528261 6.206297 8.304439 1.147778
 0.699915  -0.060282  3.480643 6.211804 8.332762 1.147133
 0.699915  -0.060282  3.480643 6.211804 8.332762 1.147133
 0.699915  -0.060282  3.480643 6.211804 8.332762 1.147133
 0.699915  -0.060282  3.480643 6.211804 8.332762 1.147133
 0.699915  -0.060282  3.480643 6.211804 8.332762 1.147133
 0.699915  -0.060282  3.480643 6.211804 8.332762 1.147133
 0.699915  -0.060282  3.480643 6.211804 8.332762 1.147133
 0.699915  -0.060282  3.480643 6.211804 8.332762 1.147133
 0  1.357653  0.073144 -0.087361 -0.058638 -4.561644 -8.613412 6.361361 1.003258
 1  1.373789  0.074508 -0.086883 -0.057190 -4.495510 -8.557956 6.267752 1.002687
 2  1.417489  0.074904 -0.089375 -0.058945 -4.468777 -8.529834 6.232689 1.003184
 3  1.432562  0.075117 -0.089918 -0.061160 -4.414378 -8.470160 6.150181 1.004020
 4  1.467237  0.074908 -0.087621 -0.060604 -4.380494 -8.426415 6.095644 1.004088
 5  1.477938  0.074632 -0.086978 -0.059625 -4.328862 -8.370217 6.023549 1.004025
 6  1.503378  0.074518 -0.089056 -0.060002 -4.303839 -8.346814 5.991334 1.004131
 7  1.508201  0.074047 -0.089854 -0.060338 -4.270385 -8.305787 5.943951 1.004334
 8  1.521833  0.073822 -0.088450 -0.060065 -4.260717 -8.290936 5.923391 1.004400
 9  1.523844  0.073639 -0.087924 -0.060134 -4.242268 -8.267890 5.901183 1.004571
 10  1.530013  0.073672 -0.088777 -0.060408 -4.237084 -8.260708 5.894790 1.004629
 11  1.542912  0.073440 -0.089939 -0.060757 -4.198669 -8.118445 5.772917 1.005079
 12  1.553955  0.073270 -0.088723 -0.060548 -4.188711 -8.105375 5.765288 1.005111
 13  1.553955  0.073270 -0.088723 -0.060548 -4.188711 -8.105375 5.765288 1.005111
 14  1.556360  0.072904 -0.089150 -0.061307 -4.160876 -8.066362 5.767782 1.005214
 15  1.559627  0.072302 -0.089147 -0.062087 -4.100803 -7.991237 5.772095 1.005410
 16  1.564848  0.072383 -0.088539 -0.061320 -4.093946 -7.978508 5.770927 1.005415
 17  1.566215  0.072652 -0.088599 -0.060734 -4.086511 -7.964242 5.768883 1.005452
 18  1.566215  0.072652 -0.088599 -0.060734 -4.086511 -7.964242 5.768883 1.005452
 19  1.567603  0.072560 -0.088917 -0.060921 -4.084495 -7.958804 5.770735 1.005496
 20  1.567603  0.072560 -0.088917 -0.060921 -4.084495 -7.958804 5.770735 1.005496
 21  1.568160  0.072475 -0.088922 -0.061366 -4.071104 -7.945164 5.762993 1.005659
 22  1.568556  0.072475 -0.088894 -0.061476 -4.065778 -7.938822 5.759795 1.005708
 23  1.568556  0.072475 -0.088894 -0.061476 -4.065778 -7.938822 5.759795 1.005708
 24  1.568556  0.072475 -0.088894 -0.061476 -4.065778 -7.938822 5.759795 1.005708
 25  1.568556  0.072475 -0.088894 -0.061476 -4.065778 -7.938822 5.759795 1.005708
 26  1.570109  0.072806 -0.088702 -0.061039 -4.068516 -7.914573 5.738820 1.005527
 27  1.570109  0.072806 -0.088702 -0.061039 -4.068516 -7.914573 5.738820 1.005527
 28  1.570109  0.072806 -0.088702 -0.061039 -4.068516 -7.914573 5.738820 1.005527
 29  1.570784  0.072917 -0.088888 -0.061305 -4.060639 -7.910687 5.735779 1.005624
 30  1.570784  0.072917 -0.088888 -0.061305 -4.060639 -7.910687 5.735779 1.005624
 31  1.570784  0.072917 -0.088888 -0.061305 -4.060639 -7.910687 5.735779 1.005624
 32  1.572436  0.072862 -0.088965 -0.060870 -4.034173 -7.855207 5.728886 1.005539
 33  1.572436  0.072862 -0.088965 -0.060870 -4.034173 -7.855207 5.728886 1.005539
 34  1.572436  0.072862 -0.088965 -0.060870 -4.034173 -7.855207 5.728886 1.005539
 35  1.573349  0.072852 -0.089116 -0.061295 -4.023624 -7.848459 5.730736 1.005695
 36  1.573349  0.072852 -0.089116 -0.061295 -4.023624 -7.848459 5.730736 1.005695
 37  1.573349  0.072852 -0.089116 -0.061295 -4.023624 -7.848459 5.730736 1.005695
 38  1.573974  0.072564 -0.089004 -0.061181 -4.006279 -7.825809 5.752616 1.006021
 39  1.573974  0.072564 -0.089004 -0.061181 -4.006279 -7.825809 5.752616 1.006021
 40  1.573974  0.072564 -0.089004 -0.061181 -4.006279 -7.825809 5.752616 1.006021
 41  1.574652  0.072502 -0.088863 -0.061674 -3.974400 -7.799191 5.753355 1.005836
 42  1.574652  0.072502 -0.088863 -0.061674 -3.974400 -7.799191 5.753355 1.005836
 43  1.575000  0.072413 -0.088815 -0.061482 -3.953930 -7.779616 5.764230 1.005790
 44  1.575000  0.072413 -0.088815 -0.061482 -3.953930 -7.779616 5.764230 1.005790
 45  1.575000  0.072413 -0.088815 -0.061482 -3.953930 -7.779616 5.764230 1.005790
 46  1.575000  0.072413 -0.088815 -0.061482 -3.953930 -7.779616 5.764230 1.005790
 47  1.575000  0.072413 -0.088815 -0.061482 -3.953930 -7.779616 5.764230 1.005790
 48  1.575000  0.072413 -0.088815 -0.061482 -3.953930 -7.779616 5.764230 1.005790
 49  1.575000  0.072413 -0.088815 -0.061482 -3.953930 -7.779616 5.764230 1.005790
 50  1.575000  0.072413 -0.088815 -0.061482 -3.953930 -7.779616 5.764230 1.005790
