 0  1.092811  0.030308 0.015521 -0.046947 -1.816345 0.377585 12.138127 1.210646
 1  1.092811  0.030308 0.015521 -0.046947 -1.816345 0.377585 12.138127 1.210646
 2  1.092811  0.030308 0.015521 -0.046947 -1.816345 0.377585 12.138127 1.210646
 3  1.093634  0.031051 0.015438 -0.047123 -1.810547 0.334728 12.123081 1.207113
 4  1.093880  0.030966 0.015451 -0.047074 -1.667185 0.334252 12.125617 1.206362
 5  1.094341  0.030994 0.015447 -0.047094 -1.675100 0.272711 12.125556 1.206758
 6  1.099461  0.031246 0.015387 -0.047330 -1.685147 0.172878 11.498021 1.210476
 7  1.099989  0.031402 0.015456 -0.047515 -1.695045 0.157351 11.372493 1.209756
 8  1.100196  0.031370 0.015553 -0.047764 -1.720755 0.140849 11.363101 1.207950
 9  1.100206  0.031362 0.015552 -0.047729 -1.718903 0.139308 11.357754 1.208057
 10  1.100381  0.031453 0.015579 -0.047774 -1.707223 0.156414 11.352775 1.208723
 11  1.100999  0.031319 0.015556 -0.047658 -1.498815 0.154856 11.343802 1.208256
 12  1.101718  0.031443 0.015623 -0.047849 -1.550209 -0.199857 11.352637 1.209067
 13  1.101718  0.031443 0.015623 -0.047849 -1.550209 -0.199857 11.352637 1.209067
