 0.883672  -0.058548  3.174662 4.069670 9.564370 1.145170
 0.886752  -0.057571  3.181976 4.102019 9.407578 1.147191
 0.898868  -0.057141  3.645335 4.029708 8.886367 1.151507
 0.898868  -0.057141  3.645335 4.029708 8.886367 1.151507
 0.902343  -0.059203  3.641490 4.034393 8.929598 1.149709
 0.909960  -0.059494  3.750423 4.118869 8.700398 1.144473
 0.909960  -0.059494  3.750423 4.118869 8.700398 1.144473
 0.911227  -0.058156  3.734788 4.126787 8.706399 1.144630
 0.914091  -0.056579  3.710992 4.346750 8.707746 1.146302
 0.917346  -0.056880  3.567748 4.767577 8.575189 1.149675
 0.922991  -0.059096  3.476231 4.852375 8.428729 1.150479
 0.922991  -0.059096  3.476231 4.852375 8.428729 1.150479
 0.923441  -0.058105  3.454011 4.890846 8.431044 1.149975
 0.923883  -0.057334  3.457137 4.985228 8.511151 1.148844
 0.923883  -0.057334  3.457137 4.985228 8.511151 1.148844
 0.924759  -0.058684  3.475232 5.005936 8.469244 1.148908
 0.924759  -0.058684  3.475232 5.005936 8.469244 1.148908
 0.926525  -0.059156  3.747010 5.050858 8.388240 1.149043
 0.926525  -0.059156  3.747010 5.050858 8.388240 1.149043
 0.926525  -0.059156  3.747010 5.050858 8.388240 1.149043
 0.927429  -0.059246  3.747643 5.043915 8.335806 1.149178
 0.927429  -0.059246  3.747643 5.043915 8.335806 1.149178
 0.927429  -0.059246  3.747643 5.043915 8.335806 1.149178
 0.927429  -0.059246  3.747643 5.043915 8.335806 1.149178
 0.927542  -0.059135  3.752870 5.031202 8.332777 1.149192
 0.927647  -0.058392  3.784222 5.002567 8.355544 1.149303
 0.928201  -0.057991  3.825006 5.048387 8.286615 1.149596
 0.928201  -0.057991  3.825006 5.048387 8.286615 1.149596
 0.928201  -0.057991  3.825006 5.048387 8.286615 1.149596
 0.928201  -0.057991  3.825006 5.048387 8.286615 1.149596
 0.928201  -0.057991  3.825006 5.048387 8.286615 1.149596
 0.928201  -0.057991  3.825006 5.048387 8.286615 1.149596
 0.928201  -0.057991  3.825006 5.048387 8.286615 1.149596
 0.928201  -0.057991  3.825006 5.048387 8.286615 1.149596
 0.928274  -0.057594  3.820617 5.079847 8.364664 1.149714
 0.928469  -0.058175  3.807338 5.071881 8.376436 1.149721
 0.928469  -0.058175  3.807338 5.071881 8.376436 1.149721
 0.928469  -0.058175  3.807338 5.071881 8.376436 1.149721
 0.928469  -0.058175  3.807338 5.071881 8.376436 1.149721
 0.928469  -0.058175  3.807338 5.071881 8.376436 1.149721
 0.928469  -0.058175  3.807338 5.071881 8.376436 1.149721
 0.928469  -0.058175  3.807338 5.071881 8.376436 1.149721
 0.928469  -0.058175  3.807338 5.071881 8.376436 1.149721
 0.928487  -0.058749  3.764953 5.158647 8.331159 1.149431
 0.928495  -0.058617  3.794072 5.119840 8.353077 1.149532
 0.928495  -0.058617  3.794072 5.119840 8.353077 1.149532
 0.928495  -0.058617  3.794072 5.119840 8.353077 1.149532
 0.928495  -0.058617  3.794072 5.119840 8.353077 1.149532
 0.928495  -0.058617  3.794072 5.119840 8.353077 1.149532
 0.928819  -0.059044  3.965591 5.159896 8.385098 1.149540
 0.929186  -0.058227  3.936207 5.138765 8.373077 1.149548
 0.929186  -0.058227  3.936207 5.138765 8.373077 1.149548
 0.929186  -0.058227  3.936207 5.138765 8.373077 1.149548
 0.929186  -0.058227  3.936207 5.138765 8.373077 1.149548
 0.929186  -0.058227  3.936207 5.138765 8.373077 1.149548
 0.929319  -0.058204  4.020235 5.169215 8.371069 1.149357
 0.929319  -0.058204  4.020235 5.169215 8.371069 1.149357
 0.929346  -0.058026  4.033168 5.161140 8.368401 1.149124
 0.930772  -0.058484  3.918389 5.409270 8.490457 1.150023
 0.930772  -0.058484  3.918389 5.409270 8.490457 1.150023
 0.930772  -0.058484  3.918389 5.409270 8.490457 1.150023
 0.930772  -0.058484  3.918389 5.409270 8.490457 1.150023
 0.930772  -0.058484  3.918389 5.409270 8.490457 1.150023
 0.930772  -0.058484  3.918389 5.409270 8.490457 1.150023
 0.930772  -0.058484  3.918389 5.409270 8.490457 1.150023
 0.930772  -0.058484  3.918389 5.409270 8.490457 1.150023
 0  1.529961  0.072642 -0.086958 -0.059356 -5.359062 -9.165034 7.183937 1.002733
 1  1.540973  0.074244 -0.087113 -0.057433 -5.305844 -9.115088 7.091269 1.001557
 2  1.561099  0.075650 -0.089699 -0.058810 -5.233410 -9.077306 6.983494 1.001544
 3  1.579423  0.077683 -0.089913 -0.061960 -5.049211 -9.015219 6.778123 1.002222
 4  1.596870  0.077426 -0.087612 -0.061112 -5.009394 -8.997533 6.733148 1.002280
 5  1.602336  0.076361 -0.087024 -0.059719 -4.938857 -8.959897 6.668897 1.002548
 6  1.614759  0.075220 -0.089319 -0.059861 -4.891049 -8.919390 6.624103 1.002962
 7  1.620387  0.072713 -0.090466 -0.060253 -4.797532 -8.821064 6.540811 1.003730
 8  1.620387  0.072713 -0.090466 -0.060253 -4.797532 -8.821064 6.540811 1.003730
 9  1.620387  0.072713 -0.090466 -0.060253 -4.797532 -8.821064 6.540811 1.003730
 10  1.625578  0.071917 -0.089898 -0.059163 -4.786132 -8.789205 6.524859 1.003776
 11  1.625578  0.071917 -0.089898 -0.059163 -4.786132 -8.789205 6.524859 1.003776
 12  1.627980  0.071466 -0.089009 -0.059278 -4.779458 -8.778005 6.518561 1.003847
 13  1.630270  0.071335 -0.088256 -0.060289 -4.756176 -8.759091 6.492951 1.004006
 14  1.632839  0.071577 -0.088891 -0.061240 -4.716968 -8.746484 6.460341 1.004114
 15  1.635593  0.072603 -0.089666 -0.061448 -4.618674 -8.701748 6.408158 1.004097
 16  1.635593  0.072603 -0.089666 -0.061448 -4.618674 -8.701748 6.408158 1.004097
 17  1.635593  0.072603 -0.089666 -0.061448 -4.618674 -8.701748 6.408158 1.004097
 18  1.635593  0.072603 -0.089666 -0.061448 -4.618674 -8.701748 6.408158 1.004097
 19  1.639407  0.072333 -0.089316 -0.060523 -4.603662 -8.644982 6.419510 1.003967
 20  1.639407  0.072333 -0.089316 -0.060523 -4.603662 -8.644982 6.419510 1.003967
 21  1.639407  0.072333 -0.089316 -0.060523 -4.603662 -8.644982 6.419510 1.003967
 22  1.639407  0.072333 -0.089316 -0.060523 -4.603662 -8.644982 6.419510 1.003967
 23  1.639407  0.072333 -0.089316 -0.060523 -4.603662 -8.644982 6.419510 1.003967
 24  1.639407  0.072333 -0.089316 -0.060523 -4.603662 -8.644982 6.419510 1.003967
 25  1.639407  0.072333 -0.089316 -0.060523 -4.603662 -8.644982 6.419510 1.003967
 26  1.639407  0.072333 -0.089316 -0.060523 -4.603662 -8.644982 6.419510 1.003967
