 0  0.573936  0.003424 0.000581 -0.001820 0.475464 0.114855 -0.095069 1.164893
 1  0.579706  0.003444 0.000616 -0.003385 0.429569 0.123897 0.185626 1.194148
 2  0.678686  -0.000393 -0.000937 -0.022405 -0.332180 -1.971770 2.559397 1.137533
 3  0.751449  0.001203 0.000301 -0.030772 -0.301307 -2.097213 2.913338 1.204041
 4  0.812213  0.006836 0.003103 -0.047747 -0.716510 -0.925535 3.047362 1.154245
 5  0.844676  0.008461 0.004032 -0.051478 -1.125489 -0.626846 3.517551 1.200526
 6  0.855656  0.009692 0.007395 -0.054337 -1.410433 -0.357823 4.096761 1.221717
 7  0.903400  0.009243 0.010725 -0.053087 -1.293980 -0.326465 4.267559 1.186073
 8  0.954715  0.005984 0.024980 -0.050934 -1.941987 0.172555 5.221508 1.214577
 9  0.991402  0.005389 0.028689 -0.050848 -2.288884 0.335216 6.104289 1.191105
 10  1.059989  0.009119 0.024313 -0.050642 -2.658222 1.119333 8.331476 1.228363
 11  1.087161  0.009650 0.022927 -0.050488 -2.666684 1.194308 8.587472 1.204514
 12  1.092457  0.011355 0.019212 -0.049431 -2.637052 1.584183 8.837026 1.198957
 13  1.096181  0.011825 0.018805 -0.049035 -2.669536 1.622243 8.821838 1.209544
 14  1.114669  0.013278 0.017314 -0.046089 -2.887834 0.880765 9.788193 1.220596
 15  1.131127  0.014997 0.016105 -0.044902 -3.034138 0.539644 10.409812 1.205051
 16  1.134895  0.017840 0.014798 -0.044972 -3.259113 0.392370 10.747293 1.211561
 17  1.142444  0.020954 0.014885 -0.046933 -3.158772 0.496500 10.987110 1.203080
 18  1.149751  0.022450 0.015367 -0.047206 -3.061434 0.577614 11.349989 1.214488
 19  1.154035  0.024248 0.015554 -0.047540 -2.921627 0.570789 11.393122 1.206107
 20  1.157411  0.028663 0.015864 -0.046441 -2.705223 0.414853 11.128850 1.210121
 21  1.157891  0.028965 0.015833 -0.046351 -2.745536 0.445546 11.202299 1.206411
 22  1.158932  0.029284 0.015864 -0.046350 -2.717346 0.345386 11.474938 1.202327
 23  1.159500  0.029507 0.015858 -0.046359 -2.702468 0.285712 11.632817 1.201139
 24  1.163280  0.029816 0.015782 -0.046515 -2.683715 0.360552 11.598863 1.208721
 25  1.163280  0.029816 0.015782 -0.046515 -2.683715 0.360552 11.598863 1.208721
 26  1.163280  0.029816 0.015782 -0.046515 -2.683715 0.360552 11.598863 1.208721
 27  1.163280  0.029816 0.015782 -0.046515 -2.683715 0.360552 11.598863 1.208721
 28  1.163280  0.029816 0.015782 -0.046515 -2.683715 0.360552 11.598863 1.208721
 29  1.165985  0.029502 0.015785 -0.046558 -2.146632 0.411192 11.700730 1.204675
 30  1.166883  0.029588 0.015808 -0.046595 -2.206495 0.402275 11.676311 1.207350
 31  1.167161  0.029524 0.015883 -0.046663 -2.198078 0.465572 11.671310 1.210122
 32  1.167248  0.029523 0.015853 -0.046596 -2.219075 0.400238 11.679491 1.207971
 33  1.168495  0.029674 0.015900 -0.046704 -2.156880 0.315577 11.813329 1.210159
 34  1.168873  0.030365 0.015653 -0.046978 -1.892315 0.328107 11.732368 1.212925
 35  1.168873  0.030365 0.015653 -0.046978 -1.892315 0.328107 11.732368 1.212925
 36  1.168873  0.030365 0.015653 -0.046978 -1.892315 0.328107 11.732368 1.212925
 37  1.169011  0.030434 0.015676 -0.047040 -1.875920 0.374003 11.704837 1.210776
 38  1.169264  0.030381 0.015654 -0.047000 -1.802232 0.349821 11.722386 1.211262
 39  1.169264  0.030381 0.015654 -0.047000 -1.802232 0.349821 11.722386 1.211262
 40  1.170830  0.030220 0.015556 -0.046876 -1.816117 0.376860 12.119400 1.211171
 41  1.170927  0.030212 0.015556 -0.046872 -1.814148 0.375644 12.121549 1.211137
 42  1.170927  0.030212 0.015556 -0.046872 -1.814148 0.375644 12.121549 1.211137
 43  1.170927  0.030212 0.015556 -0.046872 -1.814148 0.375644 12.121549 1.211137
 44  1.170927  0.030212 0.015556 -0.046872 -1.814148 0.375644 12.121549 1.211137
 45  1.170927  0.030212 0.015556 -0.046872 -1.814148 0.375644 12.121549 1.211137
 46  1.170927  0.030212 0.015556 -0.046872 -1.814148 0.375644 12.121549 1.211137
 47  1.170927  0.030212 0.015556 -0.046872 -1.814148 0.375644 12.121549 1.211137
