MaximumLineIteration: 10
ValueTolerance: 1e-06
scaRot: 1
scaTra: 1000
scaSca: 1
Writing projection file ../outputData/resultsReg_0/initial_projection_0_-1000_0FF0.mha
Writing subtraction file ../outputData/resultsReg_0/initial_subtraction_0_-1000_0SS0.mha
Writing subtraction file ../outputData/resultsReg_0/fixedImage0.mha
Writing projection file ../outputData/resultsReg_0/initial_projection_1000_0_0FF1.mha
Writing subtraction file ../outputData/resultsReg_0/initial_subtraction_1000_0_0SS1.mha
Writing subtraction file ../outputData/resultsReg_0/fixedImage1.mha
StepTolerance 0.02
StepLength 4
Schedules4 3 2
Saving input matrix file ../outputData/resultsReg_0/inMatrix_0.02_4.txt
Resolution level 0
Iteration: 0 Similarity: 0.509489 Position: -0.149584 -0.089968 -0.016767 -1.264815 -3.368071 -5.599382 0.938067
Iteration: 1 Similarity: 0.641027 Position: -0.104190 -0.099839 -0.025133 -1.403711 -1.826171 -3.509092 0.965864
Iteration: 2 Similarity: 0.777881 Position: -0.081787 -0.097559 -0.061615 -1.965392 0.093218 -0.800589 1.013298
Iteration: 3 Similarity: 0.779486 Position: -0.081634 -0.097652 -0.061741 -1.972574 0.102056 -0.785817 1.013698
Iteration: 4 Similarity: 0.788999 Position: -0.078990 -0.103594 -0.059480 -1.950619 0.127556 -0.784651 1.022236
Iteration: 5 Similarity: 0.788999 Position: -0.078990 -0.103594 -0.059480 -1.950619 0.127556 -0.784651 1.022236
Iteration: 6 Similarity: 0.788999 Position: -0.078990 -0.103594 -0.059480 -1.950619 0.127556 -0.784651 1.022236
Iteration: 7 Similarity: 0.789993 Position: -0.078987 -0.103188 -0.058828 -1.883931 0.047092 -0.876814 1.023433
Iteration: 8 Similarity: 0.789993 Position: -0.078987 -0.103188 -0.058828 -1.883931 0.047092 -0.876814 1.023433
Iteration: 9 Similarity: 0.789993 Position: -0.078987 -0.103188 -0.058828 -1.883931 0.047092 -0.876814 1.023433
Iteration: 10 Similarity: 0.789993 Position: -0.078987 -0.103188 -0.058828 -1.883931 0.047092 -0.876814 1.023433
Iteration: 11 Similarity: 0.789993 Position: -0.078987 -0.103188 -0.058828 -1.883931 0.047092 -0.876814 1.023433
Iteration: 12 Similarity: 0.789993 Position: -0.078987 -0.103188 -0.058828 -1.883931 0.047092 -0.876814 1.023433
Iteration: 13 Similarity: 0.807466 Position: -0.077574 -0.097197 -0.056837 -2.151491 -1.920787 -0.943618 1.024441
Iteration: 14 Similarity: 0.807466 Position: -0.077574 -0.097197 -0.056837 -2.151491 -1.920787 -0.943618 1.024441
Iteration: 15 Similarity: 0.825773 Position: -0.080437 -0.103660 -0.050003 -2.209688 -2.741313 -0.949815 1.024937
Iteration: 16 Similarity: 0.825773 Position: -0.080437 -0.103660 -0.050003 -2.209688 -2.741313 -0.949815 1.024937
Iteration: 17 Similarity: 0.825773 Position: -0.080437 -0.103660 -0.050003 -2.209688 -2.741313 -0.949815 1.024937
Iteration: 18 Similarity: 0.825773 Position: -0.080437 -0.103660 -0.050003 -2.209688 -2.741313 -0.949815 1.024937
Iteration: 19 Similarity: 0.825773 Position: -0.080437 -0.103660 -0.050003 -2.209688 -2.741313 -0.949815 1.024937
Iteration: 20 Similarity: 0.825773 Position: -0.080437 -0.103660 -0.050003 -2.209688 -2.741313 -0.949815 1.024937
Iteration: 21 Similarity: 0.826372 Position: -0.080413 -0.103493 -0.049894 -2.211172 -2.802269 -0.966826 1.024994
Iteration: 22 Similarity: 0.833729 Position: -0.079940 -0.101615 -0.048947 -2.267404 -2.785680 -1.024090 1.025351
Iteration: 23 Similarity: 0.833729 Position: -0.079940 -0.101615 -0.048947 -2.267404 -2.785680 -1.024090 1.025351
Iteration: 24 Similarity: 0.833729 Position: -0.079940 -0.101615 -0.048947 -2.267404 -2.785680 -1.024090 1.025351
Iteration: 25 Similarity: 0.833729 Position: -0.079940 -0.101615 -0.048947 -2.267404 -2.785680 -1.024090 1.025351
Iteration: 26 Similarity: 0.833729 Position: -0.079940 -0.101615 -0.048947 -2.267404 -2.785680 -1.024090 1.025351
Iteration: 27 Similarity: 0.833729 Position: -0.079940 -0.101615 -0.048947 -2.267404 -2.785680 -1.024090 1.025351
Iteration: 28 Similarity: 0.833729 Position: -0.079940 -0.101615 -0.048947 -2.267404 -2.785680 -1.024090 1.025351
Iteration: 29 Similarity: 0.833729 Position: -0.079940 -0.101615 -0.048947 -2.267404 -2.785680 -1.024090 1.025351
Resolution level 1
Iteration: 0 Similarity: 0.741018 Position: -0.078379 -0.095736 -0.043892 -2.303522 -2.744757 -1.090816 1.025617
Iteration: 1 Similarity: 0.746757 Position: -0.077949 -0.095543 -0.041273 -2.355945 -2.725787 -1.088029 1.025834
Iteration: 2 Similarity: 0.761918 Position: -0.077679 -0.099529 -0.039525 -2.572726 -2.892703 -0.994803 1.026445
Iteration: 3 Similarity: 0.763448 Position: -0.077588 -0.100050 -0.039101 -2.629482 -2.927519 -0.947099 1.026949
Iteration: 4 Similarity: 0.763448 Position: -0.077588 -0.100050 -0.039101 -2.629482 -2.927519 -0.947099 1.026949
Iteration: 5 Similarity: 0.779476 Position: -0.079862 -0.093238 -0.037630 -3.248170 -2.935894 -0.715557 1.028820
Iteration: 6 Similarity: 0.781168 Position: -0.080159 -0.092616 -0.037323 -3.375234 -2.938476 -0.669265 1.029104
Iteration: 7 Similarity: 0.790528 Position: -0.079580 -0.095037 -0.037194 -3.421616 -2.916347 -0.677499 1.028918
Iteration: 8 Similarity: 0.793732 Position: -0.078573 -0.096330 -0.037328 -3.442185 -2.919529 -0.624842 1.028591
Iteration: 9 Similarity: 0.798768 Position: -0.074329 -0.098517 -0.038336 -3.894319 -2.565779 -0.347374 1.026807
Iteration: 10 Similarity: 0.798768 Position: -0.074329 -0.098517 -0.038336 -3.894319 -2.565779 -0.347374 1.026807
Iteration: 11 Similarity: 0.805283 Position: -0.074403 -0.095946 -0.037733 -3.936361 -2.554029 -0.333875 1.026649
Iteration: 12 Similarity: 0.805283 Position: -0.074403 -0.095946 -0.037733 -3.936361 -2.554029 -0.333875 1.026649
Iteration: 13 Similarity: 0.805283 Position: -0.074403 -0.095946 -0.037733 -3.936361 -2.554029 -0.333875 1.026649
Iteration: 14 Similarity: 0.805283 Position: -0.074403 -0.095946 -0.037733 -3.936361 -2.554029 -0.333875 1.026649
Iteration: 15 Similarity: 0.805283 Position: -0.074403 -0.095946 -0.037733 -3.936361 -2.554029 -0.333875 1.026649
Iteration: 16 Similarity: 0.805283 Position: -0.074403 -0.095946 -0.037733 -3.936361 -2.554029 -0.333875 1.026649
Iteration: 17 Similarity: 0.816373 Position: -0.067823 -0.094663 -0.035945 -4.279830 -4.709969 -0.464274 1.027059
Iteration: 18 Similarity: 0.841246 Position: -0.056805 -0.091317 -0.019563 -5.224320 -7.496898 0.231899 1.024592
Iteration: 19 Similarity: 0.841246 Position: -0.056805 -0.091317 -0.019563 -5.224320 -7.496898 0.231899 1.024592
Iteration: 20 Similarity: 0.843521 Position: -0.057233 -0.093475 -0.019718 -5.218198 -7.566491 0.191315 1.024989
Iteration: 21 Similarity: 0.845320 Position: -0.057188 -0.093068 -0.019078 -5.192259 -7.555368 0.268239 1.024676
Iteration: 22 Similarity: 0.845320 Position: -0.057188 -0.093068 -0.019078 -5.192259 -7.555368 0.268239 1.024676
Iteration: 23 Similarity: 0.846862 Position: -0.057970 -0.093477 -0.021541 -5.173339 -7.527880 0.281512 1.025652
Iteration: 24 Similarity: 0.846862 Position: -0.057970 -0.093477 -0.021541 -5.173339 -7.527880 0.281512 1.025652
Iteration: 25 Similarity: 0.851059 Position: -0.058468 -0.093037 -0.023675 -5.125638 -7.757912 0.494882 1.025762
Iteration: 26 Similarity: 0.851059 Position: -0.058468 -0.093037 -0.023675 -5.125638 -7.757912 0.494882 1.025762
Iteration: 27 Similarity: 0.851059 Position: -0.058468 -0.093037 -0.023675 -5.125638 -7.757912 0.494882 1.025762
Iteration: 28 Similarity: 0.851059 Position: -0.058468 -0.093037 -0.023675 -5.125638 -7.757912 0.494882 1.025762
Iteration: 29 Similarity: 0.859376 Position: -0.054036 -0.092613 -0.026999 -5.085858 -7.908150 0.936832 1.020995
Iteration: 30 Similarity: 0.964251 Position: 0.026128 -0.078090 -0.030693 -4.665494 -10.546812 5.341680 1.008349
Iteration: 31 Similarity: 1.376434 Position: 0.064547 -0.089850 -0.039653 -4.526551 -11.841815 7.580030 1.000592
Iteration: 32 Similarity: 1.407572 Position: 0.068186 -0.091628 -0.043956 -4.528775 -11.936693 7.777004 1.000547
Iteration: 33 Similarity: 1.445491 Position: 0.070367 -0.089168 -0.051620 -4.544434 -11.973476 7.851484 1.001373
Iteration: 34 Similarity: 1.450993 Position: 0.072309 -0.087632 -0.053559 -4.540101 -11.921554 7.874377 1.000687
Iteration: 35 Similarity: 1.471975 Position: 0.080063 -0.088485 -0.058267 -4.758947 -11.682427 7.922336 0.997529
Iteration: 36 Similarity: 1.484011 Position: 0.087137 -0.087593 -0.059255 -5.021681 -11.449830 7.837997 0.995070
Iteration: 37 Similarity: 1.502615 Position: 0.087229 -0.087009 -0.054904 -5.228031 -11.207032 7.827059 0.997773
Iteration: 38 Similarity: 1.502615 Position: 0.087229 -0.087009 -0.054904 -5.228031 -11.207032 7.827059 0.997773
Iteration: 39 Similarity: 1.511483 Position: 0.086347 -0.088389 -0.056358 -5.227482 -11.188071 7.823124 0.998140
Iteration: 40 Similarity: 1.511483 Position: 0.086347 -0.088389 -0.056358 -5.227482 -11.188071 7.823124 0.998140
Iteration: 41 Similarity: 1.511483 Position: 0.086347 -0.088389 -0.056358 -5.227482 -11.188071 7.823124 0.998140
Iteration: 42 Similarity: 1.526650 Position: 0.081145 -0.085779 -0.056827 -5.015624 -11.039154 7.890355 0.999240
Iteration: 43 Similarity: 1.526650 Position: 0.081145 -0.085779 -0.056827 -5.015624 -11.039154 7.890355 0.999240
Iteration: 44 Similarity: 1.540363 Position: 0.080384 -0.087590 -0.057158 -4.997434 -10.988064 7.837110 0.999285
Iteration: 45 Similarity: 1.548568 Position: 0.078643 -0.089177 -0.057448 -5.094107 -10.943083 7.737903 0.999390
Iteration: 46 Similarity: 1.548568 Position: 0.078643 -0.089177 -0.057448 -5.094107 -10.943083 7.737903 0.999390
Iteration: 47 Similarity: 1.555435 Position: 0.077687 -0.087190 -0.056864 -5.100453 -10.906591 7.649543 0.999535
Iteration: 48 Similarity: 1.557349 Position: 0.077057 -0.086712 -0.056652 -5.098275 -10.864639 7.597184 0.999684
Iteration: 49 Similarity: 1.564968 Position: 0.076844 -0.088925 -0.057101 -5.113794 -10.849624 7.575115 0.999978
Iteration: 50 Similarity: 1.572485 Position: 0.075715 -0.090522 -0.057312 -5.047541 -10.698178 7.500287 1.000779
Iteration: 51 Similarity: 1.572485 Position: 0.075715 -0.090522 -0.057312 -5.047541 -10.698178 7.500287 1.000779
Iteration: 52 Similarity: 1.572485 Position: 0.075715 -0.090522 -0.057312 -5.047541 -10.698178 7.500287 1.000779
Iteration: 53 Similarity: 1.585350 Position: 0.073743 -0.089777 -0.054732 -4.979725 -10.532737 7.409118 0.999864
Iteration: 54 Similarity: 1.585350 Position: 0.073743 -0.089777 -0.054732 -4.979725 -10.532737 7.409118 0.999864
Iteration: 55 Similarity: 1.597411 Position: 0.071537 -0.087702 -0.057485 -5.001965 -10.425155 7.310037 1.001123
Iteration: 56 Similarity: 1.597411 Position: 0.071537 -0.087702 -0.057485 -5.001965 -10.425155 7.310037 1.001123
Iteration: 57 Similarity: 1.599100 Position: 0.070018 -0.091029 -0.058981 -5.029866 -10.267396 7.300693 1.001846
Iteration: 58 Similarity: 1.599100 Position: 0.070018 -0.091029 -0.058981 -5.029866 -10.267396 7.300693 1.001846
Iteration: 59 Similarity: 1.599100 Position: 0.070018 -0.091029 -0.058981 -5.029866 -10.267396 7.300693 1.001846
Iteration: 60 Similarity: 1.606393 Position: 0.069290 -0.091109 -0.056013 -5.052804 -10.135514 7.266028 1.001783
Iteration: 61 Similarity: 1.606393 Position: 0.069290 -0.091109 -0.056013 -5.052804 -10.135514 7.266028 1.001783
Iteration: 62 Similarity: 1.606393 Position: 0.069290 -0.091109 -0.056013 -5.052804 -10.135514 7.266028 1.001783
Iteration: 63 Similarity: 1.625318 Position: 0.068479 -0.088261 -0.060125 -5.204780 -9.741335 7.425149 1.003608
Iteration: 64 Similarity: 1.630380 Position: 0.070583 -0.087246 -0.061991 -5.393378 -9.433676 7.540032 1.003411
Iteration: 65 Similarity: 1.630380 Position: 0.070583 -0.087246 -0.061991 -5.393378 -9.433676 7.540032 1.003411
Iteration: 66 Similarity: 1.630380 Position: 0.070583 -0.087246 -0.061991 -5.393378 -9.433676 7.540032 1.003411
Iteration: 67 Similarity: 1.630380 Position: 0.070583 -0.087246 -0.061991 -5.393378 -9.433676 7.540032 1.003411
Iteration: 68 Similarity: 1.631979 Position: 0.070757 -0.087571 -0.061935 -5.392193 -9.431715 7.529939 1.003237
Iteration: 69 Similarity: 1.631979 Position: 0.070757 -0.087571 -0.061935 -5.392193 -9.431715 7.529939 1.003237
Iteration: 70 Similarity: 1.631979 Position: 0.070757 -0.087571 -0.061935 -5.392193 -9.431715 7.529939 1.003237
Iteration: 71 Similarity: 1.633052 Position: 0.070849 -0.087739 -0.061640 -5.390979 -9.430760 7.535737 1.003095
Iteration: 72 Similarity: 1.633052 Position: 0.070849 -0.087739 -0.061640 -5.390979 -9.430760 7.535737 1.003095
Iteration: 73 Similarity: 1.634462 Position: 0.070668 -0.088131 -0.060887 -5.410533 -9.432276 7.524386 1.002718
Iteration: 74 Similarity: 1.634462 Position: 0.070668 -0.088131 -0.060887 -5.410533 -9.432276 7.524386 1.002718
Iteration: 75 Similarity: 1.634462 Position: 0.070668 -0.088131 -0.060887 -5.410533 -9.432276 7.524386 1.002718
Iteration: 76 Similarity: 1.634462 Position: 0.070668 -0.088131 -0.060887 -5.410533 -9.432276 7.524386 1.002718
Iteration: 77 Similarity: 1.640852 Position: 0.072463 -0.088474 -0.059644 -5.464178 -9.218173 7.418937 1.001644
Iteration: 78 Similarity: 1.640852 Position: 0.072463 -0.088474 -0.059644 -5.464178 -9.218173 7.418937 1.001644
Iteration: 79 Similarity: 1.640852 Position: 0.072463 -0.088474 -0.059644 -5.464178 -9.218173 7.418937 1.001644
Iteration: 80 Similarity: 1.640852 Position: 0.072463 -0.088474 -0.059644 -5.464178 -9.218173 7.418937 1.001644
Iteration: 81 Similarity: 1.643056 Position: 0.072308 -0.088023 -0.060519 -5.443867 -9.221470 7.396461 1.003204
Iteration: 82 Similarity: 1.645393 Position: 0.071965 -0.088320 -0.061825 -5.395686 -9.174251 7.211543 1.004117
Iteration: 83 Similarity: 1.645393 Position: 0.071965 -0.088320 -0.061825 -5.395686 -9.174251 7.211543 1.004117
Iteration: 84 Similarity: 1.645393 Position: 0.071965 -0.088320 -0.061825 -5.395686 -9.174251 7.211543 1.004117
Iteration: 85 Similarity: 1.646137 Position: 0.071937 -0.088432 -0.061572 -5.388538 -9.179682 7.213852 1.003903
Iteration: 86 Similarity: 1.646137 Position: 0.071937 -0.088432 -0.061572 -5.388538 -9.179682 7.213852 1.003903
Iteration: 87 Similarity: 1.646137 Position: 0.071937 -0.088432 -0.061572 -5.388538 -9.179682 7.213852 1.003903
Iteration: 88 Similarity: 1.646534 Position: 0.071920 -0.088554 -0.061224 -5.392106 -9.184026 7.219578 1.003612
Iteration: 89 Similarity: 1.646534 Position: 0.071920 -0.088554 -0.061224 -5.392106 -9.184026 7.219578 1.003612
Iteration: 90 Similarity: 1.646534 Position: 0.071920 -0.088554 -0.061224 -5.392106 -9.184026 7.219578 1.003612
Iteration: 91 Similarity: 1.646534 Position: 0.071920 -0.088554 -0.061224 -5.392106 -9.184026 7.219578 1.003612
Iteration: 92 Similarity: 1.646534 Position: 0.071920 -0.088554 -0.061224 -5.392106 -9.184026 7.219578 1.003612
Iteration: 93 Similarity: 1.646534 Position: 0.071920 -0.088554 -0.061224 -5.392106 -9.184026 7.219578 1.003612
Iteration: 94 Similarity: 1.646534 Position: 0.071920 -0.088554 -0.061224 -5.392106 -9.184026 7.219578 1.003612
Iteration: 95 Similarity: 1.646534 Position: 0.071920 -0.088554 -0.061224 -5.392106 -9.184026 7.219578 1.003612
Resolution level 2
Iteration: 0 Similarity: 1.529961 Position: 0.072642 -0.086958 -0.059356 -5.359062 -9.165034 7.183937 1.002733
Iteration: 1 Similarity: 1.540973 Position: 0.074244 -0.087113 -0.057433 -5.305844 -9.115088 7.091269 1.001557
Iteration: 2 Similarity: 1.561099 Position: 0.075650 -0.089699 -0.058810 -5.233410 -9.077306 6.983494 1.001544
Iteration: 3 Similarity: 1.579423 Position: 0.077683 -0.089913 -0.061960 -5.049211 -9.015219 6.778123 1.002222
Iteration: 4 Similarity: 1.596870 Position: 0.077426 -0.087612 -0.061112 -5.009394 -8.997533 6.733148 1.002280
Iteration: 5 Similarity: 1.602336 Position: 0.076361 -0.087024 -0.059719 -4.938857 -8.959897 6.668897 1.002548
Iteration: 6 Similarity: 1.614759 Position: 0.075220 -0.089319 -0.059861 -4.891049 -8.919390 6.624103 1.002962
Iteration: 7 Similarity: 1.620387 Position: 0.072713 -0.090466 -0.060253 -4.797532 -8.821064 6.540811 1.003730
Iteration: 8 Similarity: 1.620387 Position: 0.072713 -0.090466 -0.060253 -4.797532 -8.821064 6.540811 1.003730
Iteration: 9 Similarity: 1.620387 Position: 0.072713 -0.090466 -0.060253 -4.797532 -8.821064 6.540811 1.003730
Iteration: 10 Similarity: 1.625578 Position: 0.071917 -0.089898 -0.059163 -4.786132 -8.789205 6.524859 1.003776
Iteration: 11 Similarity: 1.625578 Position: 0.071917 -0.089898 -0.059163 -4.786132 -8.789205 6.524859 1.003776
Iteration: 12 Similarity: 1.627980 Position: 0.071466 -0.089009 -0.059278 -4.779458 -8.778005 6.518561 1.003847
Iteration: 13 Similarity: 1.630270 Position: 0.071335 -0.088256 -0.060289 -4.756176 -8.759091 6.492951 1.004006
Iteration: 14 Similarity: 1.632839 Position: 0.071577 -0.088891 -0.061240 -4.716968 -8.746484 6.460341 1.004114
Iteration: 15 Similarity: 1.635593 Position: 0.072603 -0.089666 -0.061448 -4.618674 -8.701748 6.408158 1.004097
Iteration: 16 Similarity: 1.635593 Position: 0.072603 -0.089666 -0.061448 -4.618674 -8.701748 6.408158 1.004097
Iteration: 17 Similarity: 1.635593 Position: 0.072603 -0.089666 -0.061448 -4.618674 -8.701748 6.408158 1.004097
Iteration: 18 Similarity: 1.635593 Position: 0.072603 -0.089666 -0.061448 -4.618674 -8.701748 6.408158 1.004097
Iteration: 19 Similarity: 1.639407 Position: 0.072333 -0.089316 -0.060523 -4.603662 -8.644982 6.419510 1.003967
Iteration: 20 Similarity: 1.639407 Position: 0.072333 -0.089316 -0.060523 -4.603662 -8.644982 6.419510 1.003967
Iteration: 21 Similarity: 1.639407 Position: 0.072333 -0.089316 -0.060523 -4.603662 -8.644982 6.419510 1.003967
Iteration: 22 Similarity: 1.639407 Position: 0.072333 -0.089316 -0.060523 -4.603662 -8.644982 6.419510 1.003967
Iteration: 23 Similarity: 1.639407 Position: 0.072333 -0.089316 -0.060523 -4.603662 -8.644982 6.419510 1.003967
Iteration: 24 Similarity: 1.639407 Position: 0.072333 -0.089316 -0.060523 -4.603662 -8.644982 6.419510 1.003967
Iteration: 25 Similarity: 1.639407 Position: 0.072333 -0.089316 -0.060523 -4.603662 -8.644982 6.419510 1.003967
Iteration: 26 Similarity: 1.639407 Position: 0.072333 -0.089316 -0.060523 -4.603662 -8.644982 6.419510 1.003967
Resolution level 3
Iteration: 0 Similarity: 1.357653 Position: 0.073144 -0.087361 -0.058638 -4.561644 -8.613412 6.361361 1.003258
Iteration: 1 Similarity: 1.373789 Position: 0.074508 -0.086883 -0.057190 -4.495510 -8.557956 6.267752 1.002687
Iteration: 2 Similarity: 1.417489 Position: 0.074904 -0.089375 -0.058945 -4.468777 -8.529834 6.232689 1.003184
Iteration: 3 Similarity: 1.432562 Position: 0.075117 -0.089918 -0.061160 -4.414378 -8.470160 6.150181 1.004020
Iteration: 4 Similarity: 1.467237 Position: 0.074908 -0.087621 -0.060604 -4.380494 -8.426415 6.095644 1.004088
Iteration: 5 Similarity: 1.477938 Position: 0.074632 -0.086978 -0.059625 -4.328862 -8.370217 6.023549 1.004025
Iteration: 6 Similarity: 1.503378 Position: 0.074518 -0.089056 -0.060002 -4.303839 -8.346814 5.991334 1.004131
Iteration: 7 Similarity: 1.508201 Position: 0.074047 -0.089854 -0.060338 -4.270385 -8.305787 5.943951 1.004334
Iteration: 8 Similarity: 1.521833 Position: 0.073822 -0.088450 -0.060065 -4.260717 -8.290936 5.923391 1.004400
Iteration: 9 Similarity: 1.523844 Position: 0.073639 -0.087924 -0.060134 -4.242268 -8.267890 5.901183 1.004571
Iteration: 10 Similarity: 1.530013 Position: 0.073672 -0.088777 -0.060408 -4.237084 -8.260708 5.894790 1.004629
Iteration: 11 Similarity: 1.542912 Position: 0.073440 -0.089939 -0.060757 -4.198669 -8.118445 5.772917 1.005079
Iteration: 12 Similarity: 1.553955 Position: 0.073270 -0.088723 -0.060548 -4.188711 -8.105375 5.765288 1.005111
Iteration: 13 Similarity: 1.553955 Position: 0.073270 -0.088723 -0.060548 -4.188711 -8.105375 5.765288 1.005111
Iteration: 14 Similarity: 1.556360 Position: 0.072904 -0.089150 -0.061307 -4.160876 -8.066362 5.767782 1.005214
Iteration: 15 Similarity: 1.559627 Position: 0.072302 -0.089147 -0.062087 -4.100803 -7.991237 5.772095 1.005410
Iteration: 16 Similarity: 1.564848 Position: 0.072383 -0.088539 -0.061320 -4.093946 -7.978508 5.770927 1.005415
Iteration: 17 Similarity: 1.566215 Position: 0.072652 -0.088599 -0.060734 -4.086511 -7.964242 5.768883 1.005452
Iteration: 18 Similarity: 1.566215 Position: 0.072652 -0.088599 -0.060734 -4.086511 -7.964242 5.768883 1.005452
Iteration: 19 Similarity: 1.567603 Position: 0.072560 -0.088917 -0.060921 -4.084495 -7.958804 5.770735 1.005496
Iteration: 20 Similarity: 1.567603 Position: 0.072560 -0.088917 -0.060921 -4.084495 -7.958804 5.770735 1.005496
Iteration: 21 Similarity: 1.568160 Position: 0.072475 -0.088922 -0.061366 -4.071104 -7.945164 5.762993 1.005659
Iteration: 22 Similarity: 1.568556 Position: 0.072475 -0.088894 -0.061476 -4.065778 -7.938822 5.759795 1.005708
Iteration: 23 Similarity: 1.568556 Position: 0.072475 -0.088894 -0.061476 -4.065778 -7.938822 5.759795 1.005708
Iteration: 24 Similarity: 1.568556 Position: 0.072475 -0.088894 -0.061476 -4.065778 -7.938822 5.759795 1.005708
Iteration: 25 Similarity: 1.568556 Position: 0.072475 -0.088894 -0.061476 -4.065778 -7.938822 5.759795 1.005708
Iteration: 26 Similarity: 1.570109 Position: 0.072806 -0.088702 -0.061039 -4.068516 -7.914573 5.738820 1.005527
Iteration: 27 Similarity: 1.570109 Position: 0.072806 -0.088702 -0.061039 -4.068516 -7.914573 5.738820 1.005527
Iteration: 28 Similarity: 1.570109 Position: 0.072806 -0.088702 -0.061039 -4.068516 -7.914573 5.738820 1.005527
Iteration: 29 Similarity: 1.570784 Position: 0.072917 -0.088888 -0.061305 -4.060639 -7.910687 5.735779 1.005624
Iteration: 30 Similarity: 1.570784 Position: 0.072917 -0.088888 -0.061305 -4.060639 -7.910687 5.735779 1.005624
Iteration: 31 Similarity: 1.570784 Position: 0.072917 -0.088888 -0.061305 -4.060639 -7.910687 5.735779 1.005624
Iteration: 32 Similarity: 1.572436 Position: 0.072862 -0.088965 -0.060870 -4.034173 -7.855207 5.728886 1.005539
Iteration: 33 Similarity: 1.572436 Position: 0.072862 -0.088965 -0.060870 -4.034173 -7.855207 5.728886 1.005539
Iteration: 34 Similarity: 1.572436 Position: 0.072862 -0.088965 -0.060870 -4.034173 -7.855207 5.728886 1.005539
Iteration: 35 Similarity: 1.573349 Position: 0.072852 -0.089116 -0.061295 -4.023624 -7.848459 5.730736 1.005695
Iteration: 36 Similarity: 1.573349 Position: 0.072852 -0.089116 -0.061295 -4.023624 -7.848459 5.730736 1.005695
Iteration: 37 Similarity: 1.573349 Position: 0.072852 -0.089116 -0.061295 -4.023624 -7.848459 5.730736 1.005695
Iteration: 38 Similarity: 1.573974 Position: 0.072564 -0.089004 -0.061181 -4.006279 -7.825809 5.752616 1.006021
Iteration: 39 Similarity: 1.573974 Position: 0.072564 -0.089004 -0.061181 -4.006279 -7.825809 5.752616 1.006021
Iteration: 40 Similarity: 1.573974 Position: 0.072564 -0.089004 -0.061181 -4.006279 -7.825809 5.752616 1.006021
Iteration: 41 Similarity: 1.574652 Position: 0.072502 -0.088863 -0.061674 -3.974400 -7.799191 5.753355 1.005836
Iteration: 42 Similarity: 1.574652 Position: 0.072502 -0.088863 -0.061674 -3.974400 -7.799191 5.753355 1.005836
Iteration: 43 Similarity: 1.575000 Position: 0.072413 -0.088815 -0.061482 -3.953930 -7.779616 5.764230 1.005790
Iteration: 44 Similarity: 1.575000 Position: 0.072413 -0.088815 -0.061482 -3.953930 -7.779616 5.764230 1.005790
Iteration: 45 Similarity: 1.575000 Position: 0.072413 -0.088815 -0.061482 -3.953930 -7.779616 5.764230 1.005790
Iteration: 46 Similarity: 1.575000 Position: 0.072413 -0.088815 -0.061482 -3.953930 -7.779616 5.764230 1.005790
Iteration: 47 Similarity: 1.575000 Position: 0.072413 -0.088815 -0.061482 -3.953930 -7.779616 5.764230 1.005790
Iteration: 48 Similarity: 1.575000 Position: 0.072413 -0.088815 -0.061482 -3.953930 -7.779616 5.764230 1.005790
Iteration: 49 Similarity: 1.575000 Position: 0.072413 -0.088815 -0.061482 -3.953930 -7.779616 5.764230 1.005790
Iteration: 50 Similarity: 1.575000 Position: 0.072413 -0.088815 -0.061482 -3.953930 -7.779616 5.764230 1.005790
Result = 
 Rotation Along X = 0.0724133 deg
 Rotation Along Y = -0.0888153 deg
 Rotation Along Z = -0.0614817 deg
 Translation X = -3.95393 mm
 Translation Y = -7.77962 mm
 Translation Z = 5.76423 mm
 Escala value = 1.00579
 Number Of Iterations = 51
 Metric value  = 1.575
Saving output transform file ../outputData/resultsReg_0/outTransform.txt
Saving output matrix file ../outputData/resultsReg_0/outMatrix_0.02_4.txt
Writing Final projection file ../outputData/resultsReg_0/projection_0_-1000_0_0.02_4FF0.mha
Writing Final subtraction file ../outputData/resultsReg_0/subtraction_0_-1000_0_0.02_4SS0.mha
Writing Final projection file ../outputData/resultsReg_0/projection_1000_0_0_0.02_4FF1.mha
Writing Final subtraction file ../outputData/resultsReg_0/subtraction_1000_0_0_0.02_4SS1.mha
Escribiendo Volumen de Salida ../outputData/resultsReg_0/newVolumen.mha
System:              chris-X555LB
Processor:           Unknown P6 family
    Cache:           4096
    Clock:           985.05
    Physical CPUs:   2
    Logical CPUs:    4
    Virtual Memory:  Total: 7812            Available: 7809
    Physical Memory: Total: 7877            Available: 4681
OSName:              Linux
    Release:         5.0.0-36-generic
    Version:         #39-Ubuntu SMP Tue Nov 12 09:46:06 UTC 2019
    Platform:        x86_64
    Operating System is 64 bit
ITK Version: 5.0.1
Name Of Probe (Time)          Iterations     Total (s)      Min (s)        Mean-Min (diff)Mean/Min (%)   Mean (s)       Max-Mean (diff)Max/Mean (%)   Max (s)        Total Diff (s) StdDev (s)     StdErr (s)     
Tiempo de Registro            1              1832.78        1832.78        0              100            1832.78        0              100            1832.78        0              0              0              
Tiempo de Transformacion      1              4.9548         4.9548         0              100            4.9548         0              100            4.9548         0              0              0              
HausdorffDistance: 4.58258
HD_Average: 0.0283005
