 0  0.639965  0.029144 0.082522 -0.045483 -0.104194 -2.279686 3.708872 1.331611
 1  0.647305  0.028200 0.087852 -0.046995 0.008383 -2.850708 4.038227 1.379596
 2  0.650594  0.025227 0.086048 -0.045055 -0.190278 -2.836837 4.171810 1.397675
 3  0.658228  0.015449 0.082028 -0.038857 -0.074720 -3.194164 4.047874 1.354994
 4  0.660525  0.013484 0.081642 -0.038632 -0.393264 -3.642665 3.298357 1.351343
 5  0.666465  0.012155 0.081411 -0.039409 0.052111 -2.238515 2.562955 1.361238
 6  0.671007  0.007712 0.079369 -0.041477 0.560737 -1.588161 0.929168 1.353825
 7  0.678528  0.003369 0.078097 -0.041587 -0.054102 -1.678198 1.544274 1.339765
 8  0.679516  0.001332 0.075751 -0.041846 -0.404461 -1.970339 1.659370 1.330391
 9  0.681773  -0.001297 0.074553 -0.042882 -0.838704 -2.111790 1.758422 1.346274
 10  0.681927  -0.000937 0.074785 -0.042891 -0.764963 -2.159806 1.732161 1.344252
 11  0.681927  -0.000937 0.074785 -0.042891 -0.764963 -2.159806 1.732161 1.344252
 12  0.681927  -0.000937 0.074785 -0.042891 -0.764963 -2.159806 1.732161 1.344252
 13  0.681927  -0.000937 0.074785 -0.042891 -0.764963 -2.159806 1.732161 1.344252
 14  0.683104  -0.000601 0.075105 -0.042925 -0.036596 -1.974881 1.647603 1.343323
 15  0.683104  -0.000601 0.075105 -0.042925 -0.036596 -1.974881 1.647603 1.343323
 16  0.683293  -0.000753 0.074808 -0.042943 -0.033184 -1.976777 1.658583 1.340509
 17  0.684983  -0.003472 0.072800 -0.042473 0.063532 -2.257611 1.553686 1.349438
 18  0.687297  -0.005312 0.071704 -0.042307 0.026849 -1.853546 0.988789 1.338983
 19  0.688419  -0.009390 0.067687 -0.042330 -0.283222 -1.642047 0.364173 1.336803
 20  0.689554  -0.011566 0.067064 -0.043424 -0.262690 -1.766457 0.508996 1.328872
 21  0.691123  -0.014419 0.067415 -0.044894 -0.026571 -1.436300 0.544306 1.349101
 22  0.692994  -0.015432 0.067245 -0.045402 0.037186 -1.434752 0.401171 1.338343
 23  0.692994  -0.015432 0.067245 -0.045402 0.037186 -1.434752 0.401171 1.338343
 24  0.696551  -0.013494 0.072820 -0.047511 -0.024037 -2.972707 -0.049664 1.324668
 25  0.697412  -0.014097 0.072421 -0.047555 -0.102940 -2.943101 -0.076160 1.333470
 26  0.698917  -0.017683 0.073448 -0.048674 -0.600476 -3.204651 0.217306 1.341716
 27  0.701463  -0.019196 0.073655 -0.049221 -0.305135 -4.566833 0.082315 1.326138
 28  0.701579  -0.018336 0.073393 -0.048285 -0.125695 -4.192496 -0.082995 1.329364
 29  0.719253  -0.023911 0.073952 -0.061169 0.072435 -5.407399 -1.539171 1.340455
 30  0.729307  -0.028365 0.073120 -0.063347 -0.017809 -5.959987 -1.874331 1.311496
 31  0.730765  -0.030581 0.072152 -0.063707 -0.162984 -5.641888 -1.665627 1.323488
 32  0.731887  -0.031757 0.071932 -0.063897 -0.225794 -5.460810 -1.750873 1.315222
 33  0.732614  -0.032815 0.071985 -0.063809 -0.172538 -5.477389 -1.686169 1.312777
 34  0.734327  -0.032972 0.071983 -0.063739 -0.166293 -5.372181 -2.424218 1.315548
 35  0.734327  -0.032972 0.071983 -0.063739 -0.166293 -5.372181 -2.424218 1.315548
 36  0.734535  -0.032970 0.071984 -0.063743 -0.164905 -5.372587 -2.428426 1.315579
 37  0.734535  -0.032970 0.071984 -0.063743 -0.164905 -5.372587 -2.428426 1.315579
 38  0.734535  -0.032970 0.071984 -0.063743 -0.164905 -5.372587 -2.428426 1.315579
 39  0.734535  -0.032970 0.071984 -0.063743 -0.164905 -5.372587 -2.428426 1.315579
 40  0.734535  -0.032970 0.071984 -0.063743 -0.164905 -5.372587 -2.428426 1.315579
 41  0.734535  -0.032970 0.071984 -0.063743 -0.164905 -5.372587 -2.428426 1.315579
