 0  0.493910  -0.039553 0.082299 -0.064684 -2.388913 -5.015287 -2.317133 1.327611
 1  0.495088  -0.039114 0.081900 -0.063773 -2.386336 -4.579050 -2.684703 1.325850
 2  0.495505  -0.039408 0.082589 -0.064097 -2.378136 -4.741669 -2.605996 1.322777
 3  0.497352  -0.039963 0.083981 -0.064292 -2.217549 -5.043734 -2.956184 1.328500
 4  0.497855  -0.039513 0.083299 -0.063591 -2.515975 -5.111311 -2.842351 1.327361
 5  0.499055  -0.039885 0.083791 -0.065013 -2.573112 -5.058812 -2.787839 1.320672
 6  0.500924  -0.042416 0.085332 -0.066807 -2.805106 -4.896332 -3.020769 1.336898
 7  0.503743  -0.044420 0.085378 -0.068255 -2.888399 -4.869023 -3.643342 1.330572
 8  0.504174  -0.045480 0.085036 -0.068336 -2.957370 -5.172754 -3.766646 1.327579
 9  0.504638  -0.046247 0.083915 -0.068394 -2.918869 -4.989071 -3.625950 1.329623
 10  0.506925  -0.047607 0.083072 -0.068553 -3.896811 -5.085107 -3.367843 1.327484
 11  0.507227  -0.048014 0.083101 -0.068659 -4.126668 -5.047412 -3.336226 1.326501
 12  0.507291  -0.048079 0.083173 -0.068732 -4.164213 -5.031058 -3.382126 1.326346
 13  0.507291  -0.048079 0.083173 -0.068732 -4.164213 -5.031058 -3.382126 1.326346
 14  0.507318  -0.048161 0.083174 -0.068823 -4.192621 -4.981358 -3.492293 1.326358
 15  0.507342  -0.048185 0.083260 -0.068915 -4.396452 -4.945637 -3.550841 1.325902
 16  0.507481  -0.048186 0.083248 -0.068911 -4.392823 -4.926214 -3.549885 1.325904
 17  0.507481  -0.048186 0.083248 -0.068911 -4.392823 -4.926214 -3.549885 1.325904
