 0  0.605143  -0.034182 0.073624 -0.063370 -0.128736 -5.240496 -1.972722 1.324392
 1  0.605143  -0.034182 0.073624 -0.063370 -0.128736 -5.240496 -1.972722 1.324392
 2  0.605143  -0.034182 0.073624 -0.063370 -0.128736 -5.240496 -1.972722 1.324392
 3  0.606529  -0.033674 0.073527 -0.063363 -0.627034 -4.659443 -2.364154 1.322680
 4  0.606529  -0.033674 0.073527 -0.063363 -0.627034 -4.659443 -2.364154 1.322680
 5  0.608284  -0.034531 0.075577 -0.062805 -0.510752 -4.663897 -2.218007 1.333149
 6  0.608284  -0.034531 0.075577 -0.062805 -0.510752 -4.663897 -2.218007 1.333149
 7  0.608529  -0.034767 0.076073 -0.063091 -0.541864 -4.683118 -2.294499 1.327562
 8  0.608654  -0.034534 0.076014 -0.062886 -0.603226 -4.601555 -2.243349 1.328413
 9  0.608654  -0.034534 0.076014 -0.062886 -0.603226 -4.601555 -2.243349 1.328413
 10  0.610023  -0.034820 0.076342 -0.062900 -1.243017 -4.622566 -2.140301 1.333545
 11  0.611344  -0.038002 0.079327 -0.063569 -2.896183 -4.317198 -2.479868 1.344360
 12  0.612350  -0.038720 0.080377 -0.063702 -2.952328 -4.350281 -2.924060 1.339717
 13  0.612522  -0.038080 0.080048 -0.063720 -2.756007 -4.450276 -2.657384 1.340965
 14  0.615333  -0.038884 0.080704 -0.062869 -2.701813 -5.272478 -2.204636 1.333208
 15  0.615643  -0.039199 0.080772 -0.062805 -2.653756 -5.353696 -2.207230 1.333097
 16  0.615643  -0.039199 0.080772 -0.062805 -2.653756 -5.353696 -2.207230 1.333097
 17  0.615643  -0.039199 0.080772 -0.062805 -2.653756 -5.353696 -2.207230 1.333097
 18  0.615643  -0.039199 0.080772 -0.062805 -2.653756 -5.353696 -2.207230 1.333097
 19  0.615643  -0.039199 0.080772 -0.062805 -2.653756 -5.353696 -2.207230 1.333097
 20  0.615643  -0.039199 0.080772 -0.062805 -2.653756 -5.353696 -2.207230 1.333097
 21  0.615643  -0.039199 0.080772 -0.062805 -2.653756 -5.353696 -2.207230 1.333097
