 0  1.045980  -0.042725 -0.014674 -0.039442 4.397752 -8.143203 13.003704 1.075386
 1  1.047034  -0.042832 -0.014795 -0.039482 4.423393 -8.127384 12.984077 1.078059
 2  1.049603  -0.043558 -0.015492 -0.039760 4.571293 -8.120587 12.808184 1.080649
 3  1.052138  -0.043998 -0.015564 -0.039899 4.622133 -8.065144 12.723491 1.076983
 4  1.053510  -0.045283 -0.014593 -0.039889 4.750851 -7.931707 12.774773 1.077314
 5  1.054757  -0.045404 -0.014517 -0.039786 4.749446 -7.875160 12.695373 1.079405
 6  1.057218  -0.045941 -0.014281 -0.039371 4.824077 -7.778986 12.363384 1.077830
 7  1.057328  -0.046119 -0.014154 -0.039216 4.820639 -7.767120 12.310479 1.078506
 8  1.057381  -0.046144 -0.014107 -0.039189 4.829702 -7.766660 12.315037 1.078346
 9  1.057381  -0.046144 -0.014107 -0.039189 4.829702 -7.766660 12.315037 1.078346
 10  1.057381  -0.046144 -0.014107 -0.039189 4.829702 -7.766660 12.315037 1.078346
 11  1.057381  -0.046144 -0.014107 -0.039189 4.829702 -7.766660 12.315037 1.078346
 12  1.057741  -0.046247 -0.014039 -0.039134 4.792356 -7.978126 12.325658 1.077690
 13  1.057750  -0.046266 -0.014028 -0.039127 4.789226 -7.987323 12.288423 1.077683
