 0  0.830207  -0.046291 -0.014371 -0.039430 4.812516 -7.984872 12.241961 1.074579
 1  0.833699  -0.046396 -0.014940 -0.039970 4.844725 -7.984771 12.203031 1.077403
 2  0.835640  -0.046456 -0.015099 -0.040239 4.851751 -7.980311 12.183051 1.075172
 3  0.836476  -0.046530 -0.015196 -0.040443 4.856829 -7.977309 12.180851 1.076257
 4  0.837324  -0.046685 -0.015327 -0.040812 4.851682 -7.971575 12.180637 1.075287
 5  0.837512  -0.046736 -0.015347 -0.040897 4.851136 -7.972390 12.179535 1.076098
 6  0.840185  -0.047500 -0.015630 -0.042639 4.874721 -7.958166 12.020790 1.076004
 7  0.840532  -0.047657 -0.015537 -0.042798 4.884243 -7.946993 11.989476 1.077564
 8  0.841175  -0.047760 -0.015373 -0.042767 4.878826 -7.928735 11.968763 1.076661
 9  0.841933  -0.048353 -0.015256 -0.042261 4.847175 -7.794166 11.901620 1.078278
 10  0.843458  -0.048692 -0.015103 -0.042067 4.832776 -7.738719 11.860713 1.076710
 11  0.843954  -0.049576 -0.014348 -0.041549 4.845932 -7.609485 11.780678 1.076912
 12  0.843954  -0.049576 -0.014348 -0.041549 4.845932 -7.609485 11.780678 1.076912
 13  0.843954  -0.049576 -0.014348 -0.041549 4.845932 -7.609485 11.780678 1.076912
 14  0.844019  -0.049559 -0.014413 -0.041591 4.837410 -7.608471 11.756676 1.077502
 15  0.844019  -0.049559 -0.014413 -0.041591 4.837410 -7.608471 11.756676 1.077502
 16  0.844019  -0.049559 -0.014413 -0.041591 4.837410 -7.608471 11.756676 1.077502
 17  0.844019  -0.049559 -0.014413 -0.041591 4.837410 -7.608471 11.756676 1.077502
