 0  1.123755  -0.047249 -0.013798 -0.040641 3.816525 -8.111819 14.133799 1.076145
 1  1.128672  -0.046877 -0.013935 -0.040585 3.830709 -8.083479 14.031010 1.081340
 2  1.140710  -0.043411 -0.014718 -0.040025 4.158245 -7.862375 13.572512 1.075410
 3  1.143414  -0.042956 -0.014672 -0.039858 4.172609 -7.824383 13.545436 1.079149
 4  1.143761  -0.042658 -0.014340 -0.039767 4.233233 -7.809911 13.531873 1.081542
 5  1.144519  -0.042613 -0.014157 -0.039698 4.243772 -7.818888 13.517272 1.079382
 6  1.144519  -0.042613 -0.014157 -0.039698 4.243772 -7.818888 13.517272 1.079382
 7  1.144519  -0.042613 -0.014157 -0.039698 4.243772 -7.818888 13.517272 1.079382
 8  1.144519  -0.042613 -0.014157 -0.039698 4.243772 -7.818888 13.517272 1.079382
 9  1.144887  -0.042589 -0.014136 -0.039579 4.258487 -7.959969 13.478292 1.077582
 10  1.147345  -0.042498 -0.013959 -0.039280 4.323242 -8.143849 13.018324 1.077026
 11  1.147345  -0.042498 -0.013959 -0.039280 4.323242 -8.143849 13.018324 1.077026
 12  1.147445  -0.042500 -0.013955 -0.039281 4.322717 -8.143823 13.016977 1.077053
 13  1.147445  -0.042500 -0.013955 -0.039281 4.322717 -8.143823 13.016977 1.077053
 14  1.147445  -0.042500 -0.013955 -0.039281 4.322717 -8.143823 13.016977 1.077053
 15  1.147445  -0.042500 -0.013955 -0.039281 4.322717 -8.143823 13.016977 1.077053
 16  1.147445  -0.042500 -0.013955 -0.039281 4.322717 -8.143823 13.016977 1.077053
 17  1.147445  -0.042500 -0.013955 -0.039281 4.322717 -8.143823 13.016977 1.077053
