 0  0.521926  -0.009291 0.025341 -0.003140 -0.062504 -1.021204 3.086448 1.090759
 1  0.614732  -0.011887 0.029762 -0.003547 0.103153 -1.036936 3.336897 1.032473
 2  0.632848  -0.015540 0.034051 -0.001364 0.438437 -1.123062 4.106042 1.024142
 3  0.656222  -0.019287 0.035007 0.002055 1.039801 -0.919318 5.079283 1.057766
 4  0.849692  -0.045598 -0.026025 0.021514 4.832698 -4.192971 8.841220 1.036124
 5  0.877598  -0.048283 -0.028050 0.021572 4.876421 -4.274789 8.955654 1.066570
 6  1.021457  -0.069555 -0.024015 0.002878 2.513805 -3.747264 11.503757 1.096304
 7  1.041975  -0.070019 -0.023653 0.002031 2.564456 -3.656862 11.562038 1.078599
 8  1.045600  -0.070533 -0.022296 0.000027 2.759492 -3.539970 11.706441 1.072484
 9  1.052528  -0.070505 -0.021826 -0.000720 2.725530 -3.504727 11.759370 1.082324
 10  1.069561  -0.071287 -0.017303 -0.009604 2.428630 -4.318619 13.291271 1.077193
 11  1.078346  -0.070490 -0.017171 -0.011887 2.443214 -4.360229 13.380668 1.090140
 12  1.084601  -0.069722 -0.017336 -0.013303 2.449008 -4.357678 13.422429 1.081095
 13  1.093954  -0.068164 -0.017593 -0.016145 2.494636 -4.497517 13.192534 1.091130
 14  1.102725  -0.067611 -0.017551 -0.017151 2.533954 -4.469029 13.181792 1.080961
 15  1.126180  -0.063532 -0.017513 -0.026233 2.651204 -5.538496 13.373139 1.095667
 16  1.145890  -0.063115 -0.017316 -0.027205 2.699639 -5.640491 13.424861 1.080616
 17  1.148955  -0.062228 -0.016925 -0.028709 2.790948 -5.737580 13.382114 1.075334
 18  1.153042  -0.061778 -0.016622 -0.029289 2.801540 -5.734042 13.397893 1.083060
 19  1.164373  -0.057955 -0.013580 -0.034842 2.990127 -5.655376 13.689575 1.076181
 20  1.168774  -0.057609 -0.013460 -0.035210 2.988866 -5.657588 13.721431 1.083569
 21  1.171195  -0.055432 -0.012841 -0.036793 3.288383 -5.345255 13.637031 1.087447
 22  1.172493  -0.055220 -0.012682 -0.037001 3.305672 -5.371038 13.607411 1.082345
 23  1.173083  -0.054098 -0.012040 -0.037526 3.312493 -5.377128 13.754248 1.080012
 24  1.175896  -0.053813 -0.011820 -0.037807 3.369073 -5.497367 13.831710 1.086905
 25  1.176384  -0.053651 -0.011759 -0.037939 3.396150 -5.563273 13.881180 1.088375
 26  1.181646  -0.053232 -0.011452 -0.038287 3.502127 -5.814357 14.059543 1.081153
 27  1.181700  -0.053127 -0.011431 -0.038328 3.517686 -5.852294 14.088925 1.080526
 28  1.191239  -0.051552 -0.012166 -0.039346 4.097979 -6.825696 14.427508 1.085247
 29  1.192254  -0.050858 -0.012492 -0.039603 4.252909 -7.112582 14.538963 1.082774
 30  1.193022  -0.049870 -0.013241 -0.040094 4.583727 -7.946931 14.534336 1.083523
 31  1.193022  -0.049870 -0.013241 -0.040094 4.583727 -7.946931 14.534336 1.083523
 32  1.194119  -0.049455 -0.013327 -0.040272 4.530187 -7.984767 14.439555 1.079605
 33  1.196391  -0.049115 -0.013390 -0.040333 3.987846 -8.017728 14.388266 1.081311
 34  1.197056  -0.048483 -0.013239 -0.040452 3.720180 -8.084228 14.310640 1.081164
 35  1.197642  -0.048392 -0.013131 -0.040624 3.668697 -8.105368 14.166948 1.080321
 36  1.197642  -0.048392 -0.013131 -0.040624 3.668697 -8.105368 14.166948 1.080321
 37  1.197642  -0.048392 -0.013131 -0.040624 3.668697 -8.105368 14.166948 1.080321
 38  1.197773  -0.048474 -0.013167 -0.040612 3.812275 -8.116635 14.159467 1.080958
 39  1.197783  -0.048473 -0.013166 -0.040613 3.812086 -8.118514 14.159818 1.080947
 40  1.197783  -0.048473 -0.013166 -0.040613 3.812086 -8.118514 14.159818 1.080947
