 0  1.007808  -0.010227 0.051435 -0.078100 -2.686235 -3.732742 4.972260 1.208132
 1  1.009319  -0.009751 0.051497 -0.078474 -2.648430 -3.642547 4.951696 1.211872
 2  1.011629  -0.009432 0.051654 -0.078713 -2.616249 -3.605955 4.930561 1.208517
 3  1.014536  -0.008053 0.051823 -0.079534 -2.484514 -3.419201 4.955591 1.212535
 4  1.017750  -0.007552 0.052011 -0.079836 -2.376692 -3.244572 4.914872 1.207672
 5  1.017812  -0.007532 0.052014 -0.079849 -2.372915 -3.238474 4.912156 1.207592
 6  1.019782  -0.007289 0.051929 -0.080162 -2.306614 -3.129423 4.846225 1.211463
 7  1.021741  -0.006658 0.051964 -0.081089 -2.100207 -2.704532 4.759972 1.213378
 8  1.023092  -0.006676 0.052077 -0.081145 -2.087369 -2.695168 4.779556 1.210689
 9  1.023268  -0.006676 0.052399 -0.081309 -2.059337 -2.612762 4.813660 1.210866
 10  1.023390  -0.006732 0.052469 -0.081465 -2.016619 -2.602037 4.829321 1.211591
 11  1.023390  -0.006732 0.052469 -0.081465 -2.016619 -2.602037 4.829321 1.211591
 12  1.023408  -0.006745 0.052474 -0.081464 -2.013322 -2.595948 4.825960 1.211485
 13  1.023408  -0.006745 0.052474 -0.081464 -2.013322 -2.595948 4.825960 1.211485
 14  1.023408  -0.006745 0.052474 -0.081464 -2.013322 -2.595948 4.825960 1.211485
 15  1.023458  -0.006752 0.052483 -0.081444 -2.014117 -2.593532 4.861593 1.211583
