 0  0.637228  0.000271 0.000730 -0.000595 -0.361280 -0.252058 0.434360 1.209452
 1  0.637230  0.000273 0.000719 -0.000590 -0.361425 -0.251534 0.433563 1.209201
 2  0.863943  -0.025232 0.062491 -0.029444 -2.953806 -0.709076 2.446194 1.181514
 3  0.911537  -0.026850 0.065315 -0.036515 -3.401046 -0.559077 2.427076 1.226341
 4  0.993814  -0.029861 0.058683 -0.051564 -3.955687 -0.230981 2.504099 1.192308
 5  1.019549  -0.029855 0.057580 -0.054203 -3.900686 -0.260324 2.468225 1.219418
 6  1.084583  -0.030748 0.049090 -0.069845 -4.195424 -0.073004 3.776838 1.211006
 7  1.086695  -0.030687 0.049047 -0.070212 -4.211146 -0.093391 3.763459 1.215967
 8  1.087803  -0.030410 0.049301 -0.070317 -4.069236 -0.086976 3.787624 1.220228
 9  1.102404  -0.030029 0.050871 -0.070394 -3.649894 -0.288082 4.561924 1.208891
 10  1.115662  -0.028872 0.052902 -0.070779 -3.009019 -0.809037 5.609730 1.213703
 11  1.120015  -0.028076 0.052601 -0.070986 -2.865532 -0.983035 5.899339 1.222084
 12  1.130254  -0.024017 0.047915 -0.072140 -3.012051 -1.255158 5.722705 1.218159
 13  1.134986  -0.020399 0.047343 -0.073188 -3.140915 -1.873044 5.809696 1.207797
 14  1.138048  -0.019932 0.047829 -0.073322 -3.166574 -1.890051 5.798134 1.216176
 15  1.139676  -0.018255 0.049607 -0.073478 -3.361798 -1.922495 6.090596 1.218236
 16  1.142521  -0.016702 0.051333 -0.074263 -3.169773 -2.162554 6.371165 1.216505
 17  1.144069  -0.016023 0.051405 -0.074414 -3.249749 -2.268765 6.236277 1.212422
 18  1.145014  -0.015502 0.051095 -0.074373 -3.309148 -2.296856 6.066028 1.214039
 19  1.145014  -0.015502 0.051095 -0.074373 -3.309148 -2.296856 6.066028 1.214039
 20  1.145014  -0.015502 0.051095 -0.074373 -3.309148 -2.296856 6.066028 1.214039
 21  1.145014  -0.015502 0.051095 -0.074373 -3.309148 -2.296856 6.066028 1.214039
 22  1.145305  -0.015569 0.051061 -0.074366 -3.185969 -2.313946 6.108847 1.214068
 23  1.146989  -0.014944 0.051241 -0.074550 -3.454752 -3.290290 5.950223 1.209670
 24  1.147394  -0.014621 0.051365 -0.074797 -3.478127 -3.401141 5.868786 1.211247
 25  1.147544  -0.014619 0.051586 -0.075008 -3.446147 -3.377888 5.924658 1.212821
 26  1.148134  -0.014476 0.052001 -0.075733 -3.272046 -3.234897 6.020725 1.210298
 27  1.148478  -0.014437 0.052015 -0.075780 -3.261144 -3.222874 6.031948 1.210311
 28  1.148498  -0.014426 0.052016 -0.075791 -3.279626 -3.220297 6.032674 1.210296
 29  1.148626  -0.014323 0.052010 -0.075869 -3.327141 -3.423439 6.047466 1.209979
 30  1.148848  -0.014286 0.052003 -0.075900 -3.335363 -3.431998 5.969669 1.209794
