 0  0.797151  -0.006549 0.052519 -0.081630 -1.999996 -2.582460 4.831344 1.213423
 1  0.797666  -0.006348 0.052655 -0.081785 -1.996382 -2.583311 4.832233 1.211779
 2  0.803770  -0.006189 0.053295 -0.084017 -1.615221 -2.624015 4.501867 1.210755
 3  0.804215  -0.006069 0.053364 -0.084317 -1.557955 -2.614201 4.439429 1.211851
 4  0.805057  -0.006237 0.052993 -0.083199 -1.690015 -2.503852 4.493371 1.212459
 5  0.805635  -0.006134 0.053126 -0.083538 -1.656535 -2.497920 4.471445 1.211188
 6  0.805635  -0.006134 0.053126 -0.083538 -1.656535 -2.497920 4.471445 1.211188
 7  0.805740  -0.006191 0.053107 -0.083261 -1.662265 -2.464973 4.462454 1.211101
 8  0.805916  -0.005884 0.053228 -0.083417 -1.687836 -2.474887 4.430360 1.211882
 9  0.805916  -0.005884 0.053228 -0.083417 -1.687836 -2.474887 4.430360 1.211882
 10  0.808582  -0.006048 0.053080 -0.083217 -1.633521 -1.992695 4.395842 1.213664
 11  0.809952  -0.005956 0.053166 -0.083459 -1.609344 -2.012032 4.399941 1.211636
 12  0.811748  -0.005217 0.053460 -0.085146 -1.556733 -2.021732 4.198953 1.210346
 13  0.812165  -0.005125 0.053573 -0.085320 -1.558718 -2.003071 4.185838 1.211832
 14  0.812669  -0.005142 0.053764 -0.085500 -1.581910 -1.958132 4.195917 1.210757
 15  0.813993  -0.004797 0.054346 -0.086549 -1.684067 -1.678764 4.344710 1.210229
 16  0.814872  -0.004671 0.054334 -0.086596 -1.677027 -1.661812 4.345587 1.212054
 17  0.814872  -0.004671 0.054334 -0.086596 -1.677027 -1.661812 4.345587 1.212054
 18  0.815115  -0.004737 0.054221 -0.086614 -1.638683 -1.617129 4.341337 1.212403
 19  0.815115  -0.004737 0.054221 -0.086614 -1.638683 -1.617129 4.341337 1.212403
 20  0.815145  -0.004664 0.054278 -0.086620 -1.651581 -1.635378 4.336803 1.212004
 21  0.815820  -0.004743 0.054240 -0.086619 -1.537040 -1.636285 4.336011 1.212113
 22  0.815836  -0.004731 0.054244 -0.086622 -1.541099 -1.656353 4.335329 1.212115
 23  0.816095  -0.004782 0.054222 -0.086614 -1.540610 -1.637259 4.428454 1.212002
