 0  1.080062  -0.013856 0.051747 -0.076012 -3.299010 -3.373977 5.964873 1.213190
 1  1.086121  -0.011765 0.050545 -0.076651 -2.993849 -3.441648 5.887621 1.206450
 2  1.088390  -0.011379 0.050487 -0.076696 -2.990309 -3.519486 5.883312 1.211054
 3  1.088405  -0.011369 0.050491 -0.076693 -2.989966 -3.520759 5.884222 1.211143
 4  1.088420  -0.011374 0.050466 -0.076706 -2.986260 -3.496704 5.880645 1.210403
 5  1.088420  -0.011374 0.050466 -0.076706 -2.986260 -3.496704 5.880645 1.210403
 6  1.088420  -0.011374 0.050466 -0.076706 -2.986260 -3.496704 5.880645 1.210403
 7  1.090106  -0.011564 0.050353 -0.076684 -2.625030 -3.517173 5.846056 1.208627
 8  1.090401  -0.011479 0.050401 -0.076691 -2.641028 -3.504114 5.859842 1.210561
 9  1.090637  -0.011474 0.050460 -0.076730 -2.641150 -3.510970 5.855075 1.211410
 10  1.090774  -0.011497 0.050428 -0.076694 -2.646406 -3.508201 5.851147 1.210916
 11  1.091213  -0.011305 0.050656 -0.076900 -2.557890 -3.547586 5.811683 1.212778
 12  1.091213  -0.011305 0.050656 -0.076900 -2.557890 -3.547586 5.811683 1.212778
 13  1.091765  -0.011221 0.050701 -0.076983 -2.567582 -3.750605 5.802838 1.211680
 14  1.094616  -0.011063 0.050815 -0.077145 -2.647624 -3.776975 5.346802 1.208526
 15  1.095207  -0.010900 0.050923 -0.077243 -2.681738 -3.836438 5.176981 1.209703
 16  1.095258  -0.010882 0.051004 -0.077277 -2.691884 -3.846819 5.126952 1.209976
 17  1.095258  -0.010882 0.051004 -0.077277 -2.691884 -3.846819 5.126952 1.209976
 18  1.095258  -0.010882 0.051004 -0.077277 -2.691884 -3.846819 5.126952 1.209976
 19  1.095258  -0.010882 0.051004 -0.077277 -2.691884 -3.846819 5.126952 1.209976
 20  1.095794  -0.010968 0.050911 -0.077285 -2.650312 -3.638355 5.064513 1.209857
 21  1.095794  -0.010968 0.050911 -0.077285 -2.650312 -3.638355 5.064513 1.209857
