 0  0.822821  -0.070290 -0.071775 -0.026377 0.878121 -6.729951 9.753171 1.330440
 1  0.825953  -0.070339 -0.071796 -0.026730 0.884776 -6.715002 9.751846 1.333753
 2  0.837756  -0.071308 -0.071489 -0.031280 1.086492 -6.849457 9.416089 1.334917
 3  0.838357  -0.071651 -0.070893 -0.031908 1.136077 -6.836551 9.379006 1.333500
 4  0.839872  -0.071929 -0.070462 -0.031564 1.140213 -6.818646 9.352863 1.335709
 5  0.841254  -0.072176 -0.070292 -0.031059 1.114298 -6.836846 9.237025 1.332719
 6  0.842202  -0.072241 -0.070201 -0.030841 1.103571 -6.841590 9.215361 1.334691
 7  0.842458  -0.072460 -0.070077 -0.030343 1.074638 -6.839010 9.206305 1.333313
 8  0.842934  -0.072527 -0.070060 -0.030205 1.072861 -6.816806 9.176365 1.334806
 9  0.843753  -0.072695 -0.070115 -0.029911 1.034187 -6.753550 9.139209 1.333307
 10  0.844535  -0.073025 -0.070225 -0.029651 0.995711 -6.680919 9.064375 1.334865
 11  0.845052  -0.072824 -0.070202 -0.029796 1.144806 -6.709554 9.080880 1.335057
 12  0.845887  -0.072658 -0.070301 -0.029878 1.211634 -6.426896 9.079591 1.336675
 13  0.846150  -0.072681 -0.070270 -0.029869 1.210094 -6.434241 9.009712 1.336257
