 0  0.595004  0.015449 0.006198 0.001096 -0.148408 -2.065219 1.264496 1.297465
 1  0.595004  0.015449 0.006198 0.001096 -0.148408 -2.065219 1.264496 1.297465
 2  0.745780  -0.008683 -0.046419 -0.038896 1.834537 -7.079743 8.314767 1.212122
 3  0.943706  -0.009413 -0.052421 -0.040954 1.982101 -7.649650 9.000630 1.311653
 4  0.947880  -0.010811 -0.055093 -0.042173 2.043820 -7.702547 9.196134 1.328189
 5  0.996489  -0.014113 -0.058061 -0.044353 1.177562 -7.965105 10.259149 1.296806
 6  1.030039  -0.017023 -0.061381 -0.044626 0.392916 -7.734621 11.009097 1.331016
 7  1.070127  -0.022563 -0.067466 -0.041455 -0.150304 -7.865541 12.608534 1.311929
 8  1.080716  -0.024759 -0.068128 -0.040006 0.031595 -7.765835 12.691083 1.329282
 9  1.095026  -0.031027 -0.066483 -0.034272 -0.072950 -6.994789 12.858131 1.315508
 10  1.101632  -0.031844 -0.066577 -0.033525 -0.117729 -7.135549 13.151432 1.327287
 11  1.101940  -0.032456 -0.067112 -0.032669 -0.192975 -7.319294 13.198550 1.329492
 12  1.102911  -0.032592 -0.067313 -0.032455 -0.206468 -7.266390 13.160787 1.326321
 13  1.106089  -0.033636 -0.068033 -0.031309 -0.217586 -7.014961 13.459566 1.323503
 14  1.110109  -0.035321 -0.069293 -0.029343 -0.242293 -6.779093 13.820912 1.337336
 15  1.111810  -0.035877 -0.069851 -0.028547 -0.235261 -6.588645 13.939457 1.330888
 16  1.112660  -0.036325 -0.069959 -0.027941 -0.307661 -6.530590 13.782421 1.334781
 17  1.112842  -0.036393 -0.070036 -0.027862 -0.319495 -6.559145 13.771734 1.334430
 18  1.113490  -0.036638 -0.070239 -0.027584 -0.444208 -6.475663 13.773599 1.332088
 19  1.113490  -0.036638 -0.070239 -0.027584 -0.444208 -6.475663 13.773599 1.332088
 20  1.114996  -0.036095 -0.069862 -0.027780 0.112377 -6.587043 13.687375 1.331185
 21  1.115293  -0.037141 -0.070028 -0.026871 -0.182185 -6.607352 13.600379 1.331587
 22  1.115293  -0.037141 -0.070028 -0.026871 -0.182185 -6.607352 13.600379 1.331587
 23  1.115293  -0.037141 -0.070028 -0.026871 -0.182185 -6.607352 13.600379 1.331587
 24  1.115293  -0.037141 -0.070028 -0.026871 -0.182185 -6.607352 13.600379 1.331587
 25  1.115293  -0.037141 -0.070028 -0.026871 -0.182185 -6.607352 13.600379 1.331587
 26  1.115293  -0.037141 -0.070028 -0.026871 -0.182185 -6.607352 13.600379 1.331587
 27  1.115445  -0.037142 -0.070028 -0.026871 -0.182103 -6.607201 13.598178 1.331593
