 0  0.956139  -0.054109 -0.075414 -0.020675 0.451052 -6.477655 10.806189 1.335965
 1  0.961609  -0.056875 -0.075658 -0.023325 0.700780 -6.273054 10.224307 1.334302
 2  0.973681  -0.059811 -0.071044 -0.022939 0.821081 -6.168063 10.245046 1.338982
 3  0.976438  -0.060673 -0.070747 -0.023075 0.830034 -6.204522 10.238892 1.334015
 4  0.977602  -0.061470 -0.070933 -0.023390 0.804122 -6.240163 10.235097 1.337332
 5  0.979351  -0.062225 -0.071241 -0.023631 0.841404 -6.277910 10.309926 1.333957
 6  0.980406  -0.062611 -0.071357 -0.023758 0.813365 -6.286614 10.295460 1.336644
 7  0.980927  -0.063026 -0.071461 -0.023842 0.820025 -6.311224 10.298550 1.334650
 8  0.980927  -0.063026 -0.071461 -0.023842 0.820025 -6.311224 10.298550 1.334650
 9  0.981070  -0.063169 -0.071497 -0.023860 0.803451 -6.296712 10.321127 1.336650
 10  0.981469  -0.064201 -0.071646 -0.024216 0.794484 -6.359960 10.426763 1.336184
 11  0.981925  -0.064073 -0.071636 -0.024214 0.995649 -6.364789 10.414226 1.336123
 12  0.982565  -0.064243 -0.071636 -0.024220 0.963055 -6.639043 10.417159 1.335938
 13  0.983611  -0.064415 -0.071645 -0.024277 0.954829 -6.695656 10.131372 1.336027
 14  0.985975  -0.067352 -0.071182 -0.024890 0.663287 -6.639119 9.975018 1.332427
 15  0.987223  -0.067762 -0.071180 -0.024828 0.692625 -6.686399 9.960903 1.336336
 16  0.987520  -0.069031 -0.071218 -0.024956 0.624226 -6.593114 10.023086 1.335837
 17  0.988069  -0.069174 -0.071435 -0.024941 0.627825 -6.594809 9.967339 1.333915
 18  0.988069  -0.069174 -0.071435 -0.024941 0.627825 -6.594809 9.967339 1.333915
 19  0.988717  -0.069967 -0.071580 -0.025207 0.716409 -6.474654 10.037415 1.336783
 20  0.989157  -0.069825 -0.071582 -0.025232 0.914004 -6.442119 10.050465 1.336831
 21  0.989793  -0.069971 -0.071497 -0.025170 0.862279 -6.720539 10.038835 1.336861
 22  0.990434  -0.070098 -0.071465 -0.025130 0.858606 -6.760410 9.836919 1.336241
