 0  1.001188  -0.038234 -0.071228 -0.025770 -0.207967 -6.312981 13.674005 1.338136
 1  1.002417  -0.038655 -0.071978 -0.025087 -0.253445 -6.291963 13.708147 1.334874
 2  1.018642  -0.042710 -0.074891 -0.019544 0.358593 -6.236892 12.995195 1.349456
 3  1.026210  -0.043470 -0.075107 -0.019082 0.390127 -6.291860 12.943218 1.337074
 4  1.026228  -0.043488 -0.075105 -0.019070 0.390375 -6.291583 12.944081 1.337012
 5  1.029254  -0.043861 -0.074590 -0.018413 0.457796 -6.145695 12.611416 1.343781
 6  1.039369  -0.046820 -0.073108 -0.016780 0.428558 -6.061285 11.615200 1.333747
 7  1.041911  -0.049767 -0.072342 -0.016660 0.412878 -6.507277 11.329979 1.338911
 8  1.044076  -0.050914 -0.072383 -0.016925 0.524125 -6.442186 11.422701 1.331722
 9  1.044991  -0.051680 -0.072353 -0.017182 0.595828 -6.408796 11.412273 1.336296
 10  1.045246  -0.051811 -0.072248 -0.017356 0.497725 -6.500540 11.251093 1.335174
 11  1.045246  -0.051811 -0.072248 -0.017356 0.497725 -6.500540 11.251093 1.335174
 12  1.045396  -0.052556 -0.072167 -0.017673 0.523623 -6.476657 11.163042 1.333851
 13  1.046135  -0.052710 -0.072157 -0.017744 0.240105 -6.468332 11.156961 1.334022
 14  1.046450  -0.052825 -0.072166 -0.017758 0.190715 -6.649605 11.165977 1.334093
 15  1.047231  -0.052603 -0.072169 -0.017721 0.208619 -6.598707 11.524542 1.334148
