 0  0.759662  -0.001083 0.001017 -0.001464 0.152731 -0.281459 -0.072801 1.102773
 1  0.761415  -0.001668 0.001297 -0.002408 0.183230 -0.302499 -0.069250 1.114459
 2  0.849746  -0.008485 0.004079 -0.016232 0.067872 -0.326005 1.260064 1.068161
 3  0.959359  -0.010235 0.006463 -0.021902 -0.529952 -0.411448 1.581352 1.137577
 4  1.035498  -0.014105 0.012146 -0.038572 -0.797061 -0.814882 2.062732 1.119398
 5  1.049198  -0.014242 0.011802 -0.040726 -1.107237 -0.864017 2.146449 1.136557
 6  1.093137  -0.013669 0.008883 -0.045290 -2.109144 -0.849603 2.884672 1.112161
 7  1.135403  -0.011740 0.006049 -0.048814 -3.810225 -0.897240 4.309610 1.117864
 8  1.144968  -0.011270 0.006594 -0.047463 -3.872634 -0.920889 4.259743 1.127494
 9  1.157863  -0.010397 0.009196 -0.042733 -3.641086 -0.799938 4.096561 1.118321
 10  1.162707  -0.009892 0.009582 -0.041803 -3.602356 -0.773241 4.099451 1.126792
 11  1.168536  -0.007659 0.010711 -0.038794 -3.845832 -0.468984 3.802763 1.120970
 12  1.170677  -0.007397 0.010714 -0.038341 -3.872994 -0.430477 3.916452 1.127998
 13  1.178273  -0.005869 0.010237 -0.035605 -4.052426 -0.531407 4.692747 1.123700
 14  1.180260  -0.004682 0.009696 -0.034676 -4.121258 -0.304234 4.886216 1.129320
 15  1.181926  -0.004166 0.009322 -0.034613 -4.025187 -0.129525 5.015060 1.125738
 16  1.181926  -0.004166 0.009322 -0.034613 -4.025187 -0.129525 5.015060 1.125738
 17  1.181926  -0.004166 0.009322 -0.034613 -4.025187 -0.129525 5.015060 1.125738
 18  1.181960  -0.004135 0.009274 -0.034658 -4.001072 -0.102531 5.009572 1.126667
 19  1.181983  -0.003837 0.008734 -0.035022 -3.954338 -0.053968 5.027181 1.126102
 20  1.183254  -0.003680 0.008435 -0.035037 -4.274025 -0.047210 5.024791 1.123996
 21  1.183254  -0.003680 0.008435 -0.035037 -4.274025 -0.047210 5.024791 1.123996
 22  1.184133  -0.003672 0.008421 -0.035009 -4.353218 0.120629 5.266716 1.126041
 23  1.184133  -0.003672 0.008421 -0.035009 -4.353218 0.120629 5.266716 1.126041
 24  1.184133  -0.003672 0.008421 -0.035009 -4.353218 0.120629 5.266716 1.126041
 25  1.184150  -0.003581 0.008371 -0.034989 -4.491176 0.108518 5.266346 1.127134
 26  1.184384  -0.003669 0.008390 -0.035081 -4.374204 0.293967 5.220108 1.126467
 27  1.184384  -0.003669 0.008390 -0.035081 -4.374204 0.293967 5.220108 1.126467
