 0  1.117511  -0.003463 0.008317 -0.034778 -4.395638 0.261097 5.160528 1.129117
 1  1.117511  -0.003463 0.008317 -0.034778 -4.395638 0.261097 5.160528 1.129117
 2  1.117763  -0.003445 0.008359 -0.034951 -4.404787 0.268311 5.132847 1.129746
 3  1.117763  -0.003445 0.008359 -0.034951 -4.404787 0.268311 5.132847 1.129746
 4  1.117875  -0.003389 0.008324 -0.034938 -4.411736 0.266060 5.150495 1.128821
 5  1.117875  -0.003389 0.008324 -0.034938 -4.411736 0.266060 5.150495 1.128821
 6  1.117896  -0.003377 0.008318 -0.034926 -4.414864 0.238224 5.148613 1.128724
 7  1.124950  -0.003127 0.008251 -0.034518 -4.443890 0.117944 4.351365 1.127320
 8  1.124950  -0.003127 0.008251 -0.034518 -4.443890 0.117944 4.351365 1.127320
 9  1.125300  -0.003156 0.008307 -0.034448 -4.465006 0.090417 4.335841 1.126938
 10  1.125300  -0.003156 0.008307 -0.034448 -4.465006 0.090417 4.335841 1.126938
 11  1.125300  -0.003156 0.008307 -0.034448 -4.465006 0.090417 4.335841 1.126938
 12  1.125300  -0.003156 0.008307 -0.034448 -4.465006 0.090417 4.335841 1.126938
 13  1.125300  -0.003156 0.008307 -0.034448 -4.465006 0.090417 4.335841 1.126938
 14  1.125300  -0.003156 0.008307 -0.034448 -4.465006 0.090417 4.335841 1.126938
