 0  1.036649  -0.002750 0.008520 -0.034081 -4.392578 0.068232 4.284228 1.123378
 1  1.038851  -0.002540 0.008601 -0.033934 -4.377194 0.050254 4.236615 1.126956
 2  1.042003  -0.001110 0.009300 -0.032920 -4.189181 -0.116075 4.134180 1.127217
 3  1.043184  -0.000944 0.009351 -0.032887 -4.169863 -0.136200 4.120275 1.124686
 4  1.043403  -0.000823 0.009276 -0.033001 -4.153927 -0.168195 4.098329 1.123659
 5  1.043836  -0.000875 0.009181 -0.033171 -4.153682 -0.152253 4.103863 1.125322
 6  1.044059  -0.000889 0.009134 -0.033275 -4.158230 -0.129527 4.110198 1.124680
 7  1.044107  -0.000886 0.009135 -0.033278 -4.158600 -0.131068 4.109659 1.124720
 8  1.044122  -0.000941 0.009124 -0.033153 -4.038439 -0.113537 4.106613 1.123777
 9  1.044399  -0.000927 0.009123 -0.033185 -4.054780 -0.156613 4.095794 1.124296
 10  1.046481  -0.000908 0.009094 -0.033353 -4.053878 -0.207360 3.826788 1.126216
 11  1.048108  -0.000973 0.009147 -0.033638 -4.035755 -0.250451 3.539832 1.125182
 12  1.048216  -0.000954 0.009134 -0.033623 -4.035817 -0.250351 3.545970 1.125230
 13  1.048216  -0.000954 0.009134 -0.033623 -4.035817 -0.250351 3.545970 1.125230
 14  1.048216  -0.000954 0.009134 -0.033623 -4.035817 -0.250351 3.545970 1.125230
 15  1.048216  -0.000954 0.009134 -0.033623 -4.035817 -0.250351 3.545970 1.125230
 16  1.048216  -0.000954 0.009134 -0.033623 -4.035817 -0.250351 3.545970 1.125230
 17  1.049844  -0.000702 0.008981 -0.033533 -3.961447 0.264222 3.534131 1.126334
 18  1.050156  -0.001055 0.009240 -0.033555 -3.972854 0.291735 3.475300 1.125054
 19  1.050156  -0.001055 0.009240 -0.033555 -3.972854 0.291735 3.475300 1.125054
 20  1.050262  -0.001041 0.009237 -0.033563 -3.976783 0.293139 3.480300 1.124904
 21  1.050262  -0.001041 0.009237 -0.033563 -3.976783 0.293139 3.480300 1.124904
 22  1.050389  -0.001102 0.009278 -0.033549 -4.067112 0.292266 3.477475 1.125384
 23  1.050389  -0.001102 0.009278 -0.033549 -4.067112 0.292266 3.477475 1.125384
 24  1.050389  -0.001102 0.009278 -0.033549 -4.067112 0.292266 3.477475 1.125384
