 0  0.841096  -0.001035 0.009216 -0.033832 -4.045052 0.288380 3.472909 1.123073
 1  0.851744  -0.000541 0.008781 -0.036180 -3.827636 0.504423 3.183934 1.127028
 2  0.853941  -0.000538 0.008893 -0.036443 -3.809387 0.518320 3.149192 1.124302
 3  0.855775  -0.000971 0.010302 -0.036953 -3.759220 0.595405 3.126670 1.123759
 4  0.856565  -0.001050 0.010379 -0.036942 -3.743271 0.622676 3.123741 1.125304
 5  0.857521  -0.001562 0.010158 -0.036663 -3.586966 0.714402 3.062097 1.126561
 6  0.857735  -0.001655 0.010154 -0.036657 -3.571767 0.726344 3.050101 1.125589
 7  0.858014  -0.001853 0.010320 -0.036774 -3.509196 0.723910 3.043196 1.125362
 8  0.858014  -0.001853 0.010320 -0.036774 -3.509196 0.723910 3.043196 1.125362
 9  0.858039  -0.001877 0.010332 -0.036791 -3.514677 0.725804 3.046299 1.125633
 10  0.858039  -0.001877 0.010332 -0.036791 -3.514677 0.725804 3.046299 1.125633
 11  0.858039  -0.001877 0.010332 -0.036791 -3.514677 0.725804 3.046299 1.125633
 12  0.858173  -0.001854 0.010319 -0.036763 -3.516942 0.736111 3.112141 1.125464
