 0  0.832516  0.082819 -0.076707 0.063603 10.857132 0.455073 10.882248 1.123011
 1  0.840629  0.083632 -0.076770 0.063760 10.936988 0.568825 10.795263 1.118439
 2  0.848094  0.084335 -0.076602 0.063933 10.982640 0.682196 10.732041 1.122184
 3  0.857665  0.086286 -0.076428 0.063794 11.110499 1.034398 10.487309 1.120657
 4  0.858586  0.086396 -0.076454 0.063544 11.124500 1.063388 10.456480 1.119284
 5  0.860551  0.086141 -0.076373 0.062788 11.164977 1.103332 10.477018 1.121934
 6  0.862120  0.086050 -0.076415 0.062555 11.170160 1.108780 10.489649 1.120110
 7  0.863646  0.085752 -0.076334 0.061598 11.205584 1.103957 10.564735 1.122019
 8  0.864367  0.085732 -0.076366 0.061463 11.200164 1.114802 10.556576 1.120947
 9  0.866152  0.085222 -0.076314 0.059837 11.206533 1.300612 10.535067 1.121343
 10  0.866634  0.085210 -0.076235 0.059668 11.212371 1.331375 10.520840 1.122440
 11  0.866680  0.085201 -0.076217 0.059668 11.213883 1.331945 10.521159 1.122482
 12  0.866724  0.085190 -0.076327 0.059596 11.222504 1.333276 10.535780 1.122602
 13  0.866779  0.085253 -0.076165 0.059619 11.204004 1.348352 10.535773 1.122321
 14  0.867011  0.085208 -0.076232 0.059589 11.284709 1.347907 10.533798 1.122427
 15  0.867542  0.085129 -0.076310 0.059527 11.314304 1.540281 10.512174 1.122793
 16  0.867744  0.085105 -0.076354 0.059507 11.313657 1.556101 10.591850 1.122918
