 0  1.035800  0.085565 -0.077854 0.067714 10.182971 -0.006694 11.617092 1.116242
 1  1.041644  0.085332 -0.077758 0.067157 10.288080 0.031067 11.521679 1.121855
 2  1.055801  0.083529 -0.077368 0.063528 10.700179 0.266979 11.028296 1.119456
 3  1.056492  0.083053 -0.077063 0.062937 10.788885 0.335315 10.901112 1.120055
 4  1.056872  0.082963 -0.076913 0.063064 10.759458 0.334415 10.909527 1.121030
 5  1.057085  0.082820 -0.076917 0.063307 10.738595 0.330247 10.901321 1.120578
 6  1.057241  0.082510 -0.076740 0.063572 10.735693 0.305777 10.871321 1.120788
 7  1.057448  0.082610 -0.076817 0.063474 10.843050 0.311917 10.884299 1.121052
 8  1.057505  0.082659 -0.076863 0.063440 10.855867 0.410585 10.891309 1.121600
 9  1.057505  0.082659 -0.076863 0.063440 10.855867 0.410585 10.891309 1.121600
