 0  0.449378  0.045605 0.005257 0.000447 5.601036 -10.364735 3.101872 0.954656
 1  0.531113  0.053497 0.010125 0.000069 5.694816 -11.101914 4.341346 1.031509
 2  0.534193  0.060006 0.010719 -0.003141 6.266965 -11.490387 4.544085 1.057713
 3  0.559672  0.081043 -0.012315 -0.026510 4.692137 -13.593050 6.892078 1.091123
 4  0.609276  0.083804 -0.022231 -0.033836 5.086957 -13.628081 5.734954 1.060442
 5  0.625915  0.087949 -0.024664 -0.035860 5.227957 -13.352392 4.875594 1.094239
 6  0.637421  0.092722 -0.028617 -0.035852 5.077049 -13.388500 3.796408 1.086406
 7  0.641390  0.095264 -0.029080 -0.034647 5.076385 -13.536356 3.717568 1.069951
 8  0.641854  0.095416 -0.028963 -0.034510 5.055088 -13.510750 3.683950 1.070595
 9  0.645899  0.095140 -0.027513 -0.033044 5.182460 -13.671170 3.426830 1.087943
 10  0.669321  0.097736 -0.020427 -0.023065 7.438524 -14.541555 1.715698 1.074274
 11  0.669321  0.097736 -0.020427 -0.023065 7.438524 -14.541555 1.715698 1.074274
 12  0.676231  0.097435 -0.021683 -0.022741 7.964513 -14.696808 1.142115 1.088099
 13  0.680324  0.097569 -0.023281 -0.023447 8.340414 -14.522097 1.087170 1.078180
 14  0.683155  0.097701 -0.024452 -0.024039 8.558677 -14.641477 1.039834 1.091743
 15  0.719968  0.098610 -0.042717 -0.034557 10.083428 -15.813197 2.320156 1.086403
 16  0.736655  0.098828 -0.054737 -0.041168 11.421098 -16.598679 4.514903 1.081734
 17  0.779722  0.099364 -0.053686 -0.040706 11.365256 -16.749773 4.773589 1.116227
 18  0.801084  0.099661 -0.044490 -0.035499 11.212939 -17.156565 5.234959 1.115918
 19  0.805405  0.099763 -0.044098 -0.034514 11.196113 -17.265427 5.414538 1.107758
 20  0.806803  0.100035 -0.044973 -0.033228 11.353835 -17.414293 5.287329 1.115296
 21  0.813846  0.100509 -0.046242 -0.032384 11.525074 -17.564038 5.419628 1.105721
 22  0.817359  0.100822 -0.047055 -0.031791 11.536004 -17.588758 5.443249 1.113159
 23  0.818139  0.100502 -0.045746 -0.032872 11.727214 -17.316587 5.573394 1.110800
 24  0.831064  0.098280 -0.052783 -0.029324 11.057183 -18.074321 7.397753 1.112359
 25  0.832768  0.098562 -0.053502 -0.028682 11.039752 -18.142950 7.510113 1.117154
 26  0.832854  0.097845 -0.052634 -0.029791 11.196024 -17.903743 7.438445 1.119268
 27  0.835729  0.097597 -0.053816 -0.028651 11.234784 -17.849911 7.735952 1.112316
 28  0.849691  0.099448 -0.059093 -0.018955 11.262110 -16.753978 9.152501 1.125283
 29  0.855553  0.099467 -0.059330 -0.017997 11.345626 -16.729639 9.166694 1.115510
 30  0.871656  0.100017 -0.058834 -0.011547 12.665970 -16.194815 9.194652 1.107999
 31  0.877345  0.100116 -0.058957 -0.011000 12.787350 -16.129110 9.177222 1.117281
 32  0.877764  0.100098 -0.059105 -0.010880 12.804261 -16.072001 9.197209 1.119060
 33  0.877817  0.099981 -0.059395 -0.010792 12.817823 -16.109962 9.181823 1.116697
 34  0.877817  0.099981 -0.059395 -0.010792 12.817823 -16.109962 9.181823 1.116697
 35  0.878104  0.100008 -0.059315 -0.010797 12.848578 -16.094362 9.157670 1.115456
 36  0.878278  0.100005 -0.059329 -0.010793 12.830705 -16.091196 9.160714 1.115576
 37  0.880766  0.100146 -0.058186 -0.011495 13.287571 -14.227939 8.959897 1.115615
 38  0.882925  0.099850 -0.059010 -0.009780 13.107260 -14.788759 9.227406 1.117067
 39  0.883217  0.099734 -0.059305 -0.009073 13.128408 -14.890336 9.132045 1.118651
 40  0.883831  0.099544 -0.059572 -0.008619 13.114740 -14.888666 9.178527 1.115556
 41  0.885337  0.099648 -0.060208 -0.007193 12.978425 -14.794719 9.132401 1.120234
 42  0.887372  0.099661 -0.060328 -0.006821 12.936911 -14.739410 9.046441 1.115665
 43  0.888782  0.099808 -0.060404 -0.005623 12.926461 -14.594225 8.747945 1.116240
 44  0.892537  0.100049 -0.060342 -0.003012 12.928132 -14.221886 9.183388 1.110102
 45  0.895157  0.100168 -0.060383 -0.002533 12.969441 -14.216963 9.143409 1.115791
 46  0.895176  0.100164 -0.060390 -0.002515 12.970020 -14.217683 9.144217 1.115903
 47  0.895309  0.100098 -0.060485 -0.002364 12.967474 -14.202429 9.149895 1.117036
 48  0.896423  0.100131 -0.060842 -0.001602 12.723129 -14.109399 9.223231 1.113315
 49  0.896860  0.100211 -0.060891 -0.001247 12.732764 -14.143237 9.241458 1.115559
 50  0.896860  0.100211 -0.060891 -0.001247 12.732764 -14.143237 9.241458 1.115559
 51  0.897026  0.100230 -0.060921 -0.001202 12.732976 -14.141764 9.265143 1.115108
 52  0.897066  0.100270 -0.060960 -0.001188 12.735108 -14.137406 9.265637 1.114685
 53  0.897066  0.100270 -0.060960 -0.001188 12.735108 -14.137406 9.265637 1.114685
 54  0.903459  0.099256 -0.059585 -0.003139 13.223800 -10.065333 10.114574 1.116654
 55  0.907993  0.099377 -0.060002 -0.000730 13.106619 -10.593657 10.165287 1.124248
 56  0.909759  0.099151 -0.060165 0.000052 13.111173 -10.679258 10.130493 1.116990
 57  0.913250  0.098830 -0.060327 0.001704 13.000027 -10.794057 9.955855 1.120511
 58  0.914089  0.098658 -0.060392 0.002160 12.951775 -10.822973 9.953671 1.117389
 59  0.944857  0.077331 -0.067649 0.054520 13.093931 -5.096242 14.148476 1.084180
 60  0.995892  0.078006 -0.069198 0.057521 13.101958 -4.882288 14.391556 1.117704
 61  1.016478  0.082484 -0.076967 0.059341 12.826444 -4.696498 14.725428 1.134695
 62  1.040003  0.083784 -0.078074 0.059099 12.774107 -4.630613 14.646910 1.114266
 63  1.088808  0.102581 -0.083092 0.055897 12.066757 -3.714462 14.665543 1.109675
 64  1.100618  0.103798 -0.082864 0.056227 12.035554 -3.676920 14.495049 1.120979
 65  1.129413  0.103637 -0.077596 0.061625 10.900090 -2.970866 13.218683 1.124953
 66  1.140644  0.103226 -0.077263 0.062063 10.749411 -2.809876 13.087661 1.113657
 67  1.142361  0.102270 -0.077692 0.062037 10.481933 -2.680574 13.165558 1.110205
 68  1.146536  0.101698 -0.077843 0.062113 10.431804 -2.476413 13.048390 1.118069
 69  1.161976  0.093396 -0.079675 0.061964 9.464754 -0.950758 13.029084 1.116901
 70  1.161976  0.093396 -0.079675 0.061964 9.464754 -0.950758 13.029084 1.116901
 71  1.162336  0.093071 -0.079131 0.062495 9.405421 -0.893936 13.064478 1.117260
 72  1.162825  0.092044 -0.079219 0.063634 9.573018 -0.967672 13.043326 1.123626
 73  1.166744  0.090638 -0.079135 0.064161 9.742486 -1.044158 13.064335 1.117881
 74  1.166834  0.090018 -0.078824 0.064501 9.791524 -1.091016 13.090117 1.116017
 75  1.167683  0.089873 -0.078738 0.064635 9.798333 -1.090676 13.092895 1.118661
 76  1.167683  0.089873 -0.078738 0.064635 9.798333 -1.090676 13.092895 1.118661
 77  1.167963  0.090374 -0.078817 0.064625 9.850262 -1.151844 12.884919 1.118317
 78  1.168062  0.090485 -0.078866 0.064601 10.002326 -1.155646 12.863826 1.118564
 79  1.170078  0.090792 -0.079081 0.064592 10.121803 -0.610010 12.865321 1.117909
 80  1.170253  0.090746 -0.079035 0.064608 10.123495 -0.617728 12.851821 1.118452
 81  1.170390  0.090743 -0.079033 0.064611 10.124779 -0.618717 12.856381 1.118440
 82  1.170390  0.090743 -0.079033 0.064611 10.124779 -0.618717 12.856381 1.118440
 83  1.170390  0.090743 -0.079033 0.064611 10.124779 -0.618717 12.856381 1.118440
 84  1.170390  0.090743 -0.079033 0.064611 10.124779 -0.618717 12.856381 1.118440
 85  1.170500  0.090758 -0.079038 0.064606 10.126329 -0.592920 12.851996 1.118420
 86  1.170500  0.090758 -0.079038 0.064606 10.126329 -0.592920 12.851996 1.118420
