 0  1.109669  0.090738 -0.079018 0.064628 10.125606 -0.595384 12.851121 1.118816
 1  1.113087  0.090131 -0.078236 0.065612 9.990784 -0.474686 12.567641 1.123083
 2  1.116129  0.089791 -0.078156 0.065869 9.968587 -0.432747 12.498399 1.118320
 3  1.124311  0.086105 -0.077702 0.068227 9.925446 -0.054435 11.778386 1.120879
 4  1.124961  0.085658 -0.077695 0.068322 9.931749 -0.038490 11.718566 1.118984
 5  1.125262  0.085662 -0.077733 0.068135 9.936313 -0.025279 11.752859 1.119955
 6  1.125262  0.085662 -0.077733 0.068135 9.936313 -0.025279 11.752859 1.119955
 7  1.125262  0.085662 -0.077733 0.068135 9.936313 -0.025279 11.752859 1.119955
 8  1.125942  0.085748 -0.077728 0.068196 10.106818 -0.027073 11.729773 1.120704
 9  1.126027  0.085734 -0.077731 0.068185 10.103091 -0.058099 11.733610 1.120557
 10  1.126027  0.085734 -0.077731 0.068185 10.103091 -0.058099 11.733610 1.120557
