 0.350412  0.007652  -0.110939 0.018350 -0.220091 1.008386
 0.418879  0.008156  1.805708 -0.332496 -2.685853 1.060922
 0.448498  -0.014749  2.940787 -0.380588 -4.010326 1.089481
 0.448498  -0.014749  2.940787 -0.380588 -4.010326 1.089481
 0.460743  -0.008114  3.376309 -0.682178 -4.237180 1.098295
 0.460743  -0.008114  3.376309 -0.682178 -4.237180 1.098295
 0.460743  -0.008114  3.376309 -0.682178 -4.237180 1.098295
 0.460743  -0.008114  3.376309 -0.682178 -4.237180 1.098295
 0.460743  -0.008114  3.376309 -0.682178 -4.237180 1.098295
 0.484901  -0.003388  7.991615 -0.843904 -4.427727 1.088281
 0.484901  -0.003388  7.991615 -0.843904 -4.427727 1.088281
 0.670782  0.041041  9.105892 -12.857152 10.003688 1.129967
 0.692315  0.053401  9.167619 -13.897083 11.245534 1.131546
 0.708020  0.061800  9.235231 -14.226889 11.264018 1.128127
 0.714479  0.064272  9.241659 -14.473487 11.407588 1.117052
 0.725107  0.056660  9.279673 -14.594045 11.193492 1.111903
 0.735396  0.049683  9.300609 -13.988512 10.774148 1.099461
 0.771686  0.063642  9.598527 -13.692111 10.107518 1.099164
 0.776456  0.065835  9.684260 -13.615928 9.846886 1.101813
 0.776456  0.065835  9.684260 -13.615928 9.846886 1.101813
 0.788484  0.055886  9.870596 -13.483834 9.592858 1.103812
 0.788484  0.055886  9.870596 -13.483834 9.592858 1.103812
 0.794083  0.061234  9.899145 -13.461246 9.459123 1.104315
 0.815912  0.067971  9.751957 -12.216695 8.625793 1.105704
 0.834487  0.058379  9.699522 -12.032296 8.397823 1.102307
 0.837078  0.055432  9.779264 -11.830505 8.240035 1.096293
 0.837078  0.055432  9.779264 -11.830505 8.240035 1.096293
 0.845959  0.063116  9.766976 -11.778584 8.112702 1.095408
 0.845959  0.063116  9.766976 -11.778584 8.112702 1.095408
 0.846272  0.063961  9.830335 -11.658079 8.416645 1.097078
 0.847050  0.063476  9.827444 -11.661117 8.404240 1.096830
 0.847050  0.063476  9.827444 -11.661117 8.404240 1.096830
 0.847050  0.063476  9.827444 -11.661117 8.404240 1.096830
 0.847050  0.063476  9.827444 -11.661117 8.404240 1.096830
 0.847050  0.063476  9.827444 -11.661117 8.404240 1.096830
 0.847050  0.063476  9.827444 -11.661117 8.404240 1.096830
 0.894469  0.072438  10.373282 -7.934375 8.291959 1.100981
 0.920328  0.056741  10.234400 -8.555777 8.247616 1.097792
 0.920328  0.056741  10.234400 -8.555777 8.247616 1.097792
 0.928020  0.058604  10.239280 -8.666920 8.309197 1.096840
 0.934991  0.060849  10.214270 -8.700207 8.230277 1.095715
 0.945161  0.060979  10.227880 -8.635427 8.103688 1.089083
 0.947498  0.057299  10.247160 -8.634155 8.077310 1.087800
 0.947498  0.057299  10.247160 -8.634155 8.077310 1.087800
 0.947498  0.057299  10.247160 -8.634155 8.077310 1.087800
 0.947498  0.057299  10.247160 -8.634155 8.077310 1.087800
 0.947498  0.057299  10.247160 -8.634155 8.077310 1.087800
 0.947498  0.057299  10.247160 -8.634155 8.077310 1.087800
 0.971747  0.053114  10.355992 -6.736292 7.880692 1.085100
 0.984645  0.059241  10.345679 -6.745606 7.836364 1.087501
 0.984645  0.059241  10.345679 -6.745606 7.836364 1.087501
 0.984645  0.059241  10.345679 -6.745606 7.836364 1.087501
 0.988459  0.056475  10.392534 -6.678776 7.906386 1.089400
 0.988459  0.056475  10.392534 -6.678776 7.906386 1.089400
 0.988459  0.056475  10.392534 -6.678776 7.906386 1.089400
 0.988459  0.056475  10.392534 -6.678776 7.906386 1.089400
 0.989747  0.057122  10.321425 -6.731763 7.926943 1.090905
 0.989747  0.057122  10.321425 -6.731763 7.926943 1.090905
 0.989747  0.057122  10.321425 -6.731763 7.926943 1.090905
 0.989747  0.057122  10.321425 -6.731763 7.926943 1.090905
 0.989747  0.057122  10.321425 -6.731763 7.926943 1.090905
 0.989747  0.057122  10.321425 -6.731763 7.926943 1.090905
 0.989747  0.057122  10.321425 -6.731763 7.926943 1.090905
 0.989747  0.057122  10.321425 -6.731763 7.926943 1.090905
 0  0.813948  -0.056773 0.026666 0.038872 3.265915 -2.260014 2.148558 1.002289
 1  0.866598  -0.069940 0.021207 0.047602 4.072129 -2.752804 2.549935 1.008842
 2  0.881710  -0.073607 0.017512 0.044109 4.290830 -2.871525 2.644223 1.014939
 3  0.908178  -0.067385 0.022323 0.032951 4.543561 -2.831982 2.589496 1.020005
 4  0.912628  -0.065193 0.021214 0.030530 4.629593 -2.784032 2.602500 1.020222
 5  0.924326  -0.064156 0.018812 0.031430 4.683824 -2.795892 2.613092 1.018726
 6  0.930746  -0.061529 0.016286 0.035007 4.671835 -2.751087 2.586923 1.015241
 7  0.930746  -0.061529 0.016286 0.035007 4.671835 -2.751087 2.586923 1.015241
 8  0.930746  -0.061529 0.016286 0.035007 4.671835 -2.751087 2.586923 1.015241
 9  0.930746  -0.061529 0.016286 0.035007 4.671835 -2.751087 2.586923 1.015241
 10  0.930746  -0.061529 0.016286 0.035007 4.671835 -2.751087 2.586923 1.015241
 11  0.930746  -0.061529 0.016286 0.035007 4.671835 -2.751087 2.586923 1.015241
 12  0.930746  -0.061529 0.016286 0.035007 4.671835 -2.751087 2.586923 1.015241
 13  0.930746  -0.061529 0.016286 0.035007 4.671835 -2.751087 2.586923 1.015241
