 0.923980  0.057391  10.331469 -6.723128 7.933700 1.091084
 0.923980  0.057391  10.331469 -6.723128 7.933700 1.091084
 0.924774  0.058237  10.362557 -6.712452 7.941424 1.091401
 0.925203  0.058509  10.393616 -6.686484 7.940236 1.091737
 0.925203  0.058509  10.393616 -6.686484 7.940236 1.091737
 0.925203  0.058509  10.393616 -6.686484 7.940236 1.091737
 0.925203  0.058509  10.393616 -6.686484 7.940236 1.091737
 0.925203  0.058509  10.393616 -6.686484 7.940236 1.091737
 0.925203  0.058509  10.393616 -6.686484 7.940236 1.091737
 0.925203  0.058509  10.393616 -6.686484 7.940236 1.091737
 0.925203  0.058509  10.393616 -6.686484 7.940236 1.091737
 0  0.788684  -0.048065 0.024437 0.029900 4.934369 -3.447718 3.114395 1.012838
 1  1.100255  0.055222 0.004250 0.022050 6.170427 -7.741998 8.207065 0.981152
 2  1.251111  0.088080 0.000946 0.014439 6.592812 -8.951277 9.608082 0.986815
 3  1.329386  0.098099 0.009235 0.012816 6.762545 -9.219810 9.968229 0.994461
 4  1.329386  0.098099 0.009235 0.012816 6.762545 -9.219810 9.968229 0.994461
 5  1.329386  0.098099 0.009235 0.012816 6.762545 -9.219810 9.968229 0.994461
 6  1.329386  0.098099 0.009235 0.012816 6.762545 -9.219810 9.968229 0.994461
 7  1.329386  0.098099 0.009235 0.012816 6.762545 -9.219810 9.968229 0.994461
 8  1.329386  0.098099 0.009235 0.012816 6.762545 -9.219810 9.968229 0.994461
 9  1.410054  0.093015 0.008092 0.010122 6.950100 -6.233141 9.869546 0.986452
 10  1.453786  0.094932 0.007774 0.007712 6.890126 -7.185010 9.899407 0.992663
 11  1.483326  0.095997 0.009894 0.002183 6.922189 -7.289872 9.934337 0.998731
 12  1.498286  0.097895 0.012586 -0.006777 6.993300 -7.180331 10.009660 0.999223
 13  1.514536  0.097997 0.010503 -0.013162 7.117934 -7.019095 9.943828 0.995197
 14  1.514536  0.097997 0.010503 -0.013162 7.117934 -7.019095 9.943828 0.995197
 15  1.514536  0.097997 0.010503 -0.013162 7.117934 -7.019095 9.943828 0.995197
 16  1.534828  0.093965 0.011110 -0.005612 7.388423 -6.893541 9.731610 0.995841
 17  1.534828  0.093965 0.011110 -0.005612 7.388423 -6.893541 9.731610 0.995841
 18  1.534828  0.093965 0.011110 -0.005612 7.388423 -6.893541 9.731610 0.995841
 19  1.534828  0.093965 0.011110 -0.005612 7.388423 -6.893541 9.731610 0.995841
 20  1.535645  0.094039 0.011248 -0.006184 7.383934 -6.921748 9.749315 0.997065
 21  1.541727  0.094443 0.011872 -0.009110 7.350725 -6.882420 9.730902 0.999331
 22  1.564052  0.094935 0.012990 -0.015311 7.290601 -6.545200 9.719993 0.998833
 23  1.578060  0.095631 0.013708 -0.019659 7.282145 -5.989306 9.725712 0.996727
 24  1.611387  0.094920 0.011777 -0.010287 7.285700 -5.821058 9.755936 0.998306
 25  1.615463  0.093422 0.012096 -0.008088 7.284417 -5.696231 9.660758 1.000522
 26  1.624542  0.091243 0.010466 -0.011271 7.293974 -5.520753 9.586672 1.001763
 27  1.639428  0.088678 0.013285 -0.014957 7.357323 -5.266154 9.483010 1.001489
 28  1.644624  0.086819 0.013758 -0.017015 7.448207 -4.957078 9.392566 1.000160
 29  1.654907  0.087886 0.010923 -0.013926 7.507070 -4.753441 9.308506 1.001240
 30  1.654907  0.087886 0.010923 -0.013926 7.507070 -4.753441 9.308506 1.001240
 31  1.654907  0.087886 0.010923 -0.013926 7.507070 -4.753441 9.308506 1.001240
 32  1.661226  0.087489 0.011810 -0.012009 7.617944 -4.593757 9.375004 1.003357
 33  1.661226  0.087489 0.011810 -0.012009 7.617944 -4.593757 9.375004 1.003357
 34  1.661226  0.087489 0.011810 -0.012009 7.617944 -4.593757 9.375004 1.003357
 35  1.664441  0.087752 0.012294 -0.015083 7.711792 -4.494526 9.500126 1.003381
 36  1.664441  0.087752 0.012294 -0.015083 7.711792 -4.494526 9.500126 1.003381
 37  1.664441  0.087752 0.012294 -0.015083 7.711792 -4.494526 9.500126 1.003381
 38  1.665145  0.087923 0.012616 -0.014551 7.715079 -4.494854 9.462546 1.002786
 39  1.665145  0.087923 0.012616 -0.014551 7.715079 -4.494854 9.462546 1.002786
 40  1.665145  0.087923 0.012616 -0.014551 7.715079 -4.494854 9.462546 1.002786
 41  1.665145  0.087923 0.012616 -0.014551 7.715079 -4.494854 9.462546 1.002786
 42  1.665145  0.087923 0.012616 -0.014551 7.715079 -4.494854 9.462546 1.002786
 43  1.665145  0.087923 0.012616 -0.014551 7.715079 -4.494854 9.462546 1.002786
 44  1.665145  0.087923 0.012616 -0.014551 7.715079 -4.494854 9.462546 1.002786
 45  1.665145  0.087923 0.012616 -0.014551 7.715079 -4.494854 9.462546 1.002786
 46  1.665157  0.087925 0.012616 -0.014551 7.715036 -4.494788 9.462541 1.002786
 47  1.665157  0.087925 0.012616 -0.014551 7.715036 -4.494788 9.462541 1.002786
 48  1.665157  0.087925 0.012616 -0.014551 7.715036 -4.494788 9.462541 1.002786
 49  1.665157  0.087925 0.012616 -0.014551 7.715036 -4.494788 9.462541 1.002786
 50  1.665157  0.087925 0.012616 -0.014551 7.715036 -4.494788 9.462541 1.002786
 51  1.665157  0.087925 0.012616 -0.014551 7.715036 -4.494788 9.462541 1.002786
 52  1.665157  0.087925 0.012616 -0.014551 7.715036 -4.494788 9.462541 1.002786
 53  1.665157  0.087925 0.012616 -0.014551 7.715036 -4.494788 9.462541 1.002786
