 0.802134  0.060702  10.312971 -6.527781 7.788008 1.092066
 0.810261  0.060126  10.232411 -6.316852 7.592029 1.092173
 0.819904  0.055899  10.330601 -6.128110 7.406471 1.091889
 0.837323  0.056418  10.496151 -5.494444 7.017844 1.092438
 0.850661  0.059851  10.538899 -5.005614 6.758576 1.093535
 0.864093  0.057772  10.634968 -4.573271 6.456523 1.094941
 0.865100  0.056491  10.623781 -4.471525 6.327405 1.095580
 0.866630  0.057443  10.621339 -4.220532 6.107865 1.097922
 0.868295  0.058947  10.657998 -4.085739 6.064088 1.099026
 0.871360  0.058453  10.722826 -3.944111 6.208391 1.099784
 0.873439  0.057525  10.766981 -3.791412 6.364191 1.099646
 0.877031  0.058672  10.796457 -3.766731 6.525478 1.098565
 0.877990  0.058816  10.775439 -3.750992 6.718744 1.097976
 0.879286  0.057801  10.729664 -3.631146 6.702119 1.097809
 0.879286  0.057801  10.729664 -3.631146 6.702119 1.097809
 0.880170  0.058664  10.651107 -3.618236 6.797617 1.097817
 0.880279  0.058984  10.533792 -3.635697 6.834597 1.097733
 0.880372  0.058807  10.524664 -3.637029 6.856868 1.097817
 0.880372  0.058807  10.524664 -3.637029 6.856868 1.097817
 0.880521  0.059723  10.474187 -3.598776 6.696435 1.097703
 0.881540  0.058442  10.471853 -3.587311 6.719727 1.098100
 0.881540  0.058442  10.471853 -3.587311 6.719727 1.098100
 0.881540  0.058442  10.471853 -3.587311 6.719727 1.098100
 0.881540  0.058442  10.471853 -3.587311 6.719727 1.098100
 0.881540  0.058442  10.471853 -3.587311 6.719727 1.098100
 0.881540  0.058442  10.471853 -3.587311 6.719727 1.098100
 0.881540  0.058442  10.471853 -3.587311 6.719727 1.098100
 0.881540  0.058442  10.471853 -3.587311 6.719727 1.098100
 0  1.592980  0.089719 0.014155 -0.014099 7.745669 -4.467152 9.372497 1.001285
 1  1.603073  0.093305 0.013758 -0.014144 7.819798 -4.390735 9.240028 0.999231
 2  1.610801  0.093412 0.012259 -0.014898 7.837464 -4.383029 9.212600 1.000090
 3  1.616554  0.092968 0.011996 -0.015996 7.868574 -4.320376 9.147272 1.002479
 4  1.622854  0.092443 0.013417 -0.015716 7.892726 -4.270023 9.105316 1.003171
 5  1.627393  0.090886 0.014028 -0.014521 7.945337 -4.205068 9.010910 1.003192
 6  1.627393  0.090886 0.014028 -0.014521 7.945337 -4.205068 9.010910 1.003192
 7  1.627393  0.090886 0.014028 -0.014521 7.945337 -4.205068 9.010910 1.003192
 8  1.632144  0.090871 0.013068 -0.015853 7.950986 -4.176439 9.012662 1.002789
 9  1.632977  0.090750 0.012453 -0.015903 7.969757 -4.163238 8.992253 1.002505
 10  1.636181  0.090255 0.012324 -0.014990 8.014347 -4.102484 8.941548 1.001814
 11  1.638293  0.090140 0.013101 -0.014842 8.027992 -4.068365 8.922346 1.002322
 12  1.641828  0.089878 0.013240 -0.015401 8.076806 -3.968540 8.871674 1.004407
 13  1.641828  0.089878 0.013240 -0.015401 8.076806 -3.968540 8.871674 1.004407
 14  1.641828  0.089878 0.013240 -0.015401 8.076806 -3.968540 8.871674 1.004407
 15  1.641834  0.089894 0.013267 -0.015393 8.077669 -3.969034 8.873249 1.004464
 16  1.641834  0.089894 0.013267 -0.015393 8.077669 -3.969034 8.873249 1.004464
 17  1.641834  0.089894 0.013267 -0.015393 8.077669 -3.969034 8.873249 1.004464
 18  1.643158  0.089748 0.012890 -0.015501 8.091309 -3.960081 8.867338 1.003664
 19  1.643158  0.089748 0.012890 -0.015501 8.091309 -3.960081 8.867338 1.003664
 20  1.643158  0.089748 0.012890 -0.015501 8.091309 -3.960081 8.867338 1.003664
 21  1.643158  0.089748 0.012890 -0.015501 8.091309 -3.960081 8.867338 1.003664
 22  1.643158  0.089748 0.012890 -0.015501 8.091309 -3.960081 8.867338 1.003664
 23  1.643158  0.089748 0.012890 -0.015501 8.091309 -3.960081 8.867338 1.003664
 24  1.643158  0.089748 0.012890 -0.015501 8.091309 -3.960081 8.867338 1.003664
 25  1.643158  0.089748 0.012890 -0.015501 8.091309 -3.960081 8.867338 1.003664
