 0.646562  0.058763  10.474827 -3.582611 6.719577 1.098238
 0.649165  0.060366  10.496498 -3.571634 6.728274 1.099222
 0.651157  0.060389  10.515576 -3.536259 6.705733 1.100474
 0.651588  0.059637  10.509674 -3.528839 6.707167 1.100767
 0.652959  0.058895  10.499584 -3.513874 6.608292 1.101400
 0.654837  0.059925  10.470101 -3.490811 6.525721 1.102081
 0.655032  0.060111  10.446367 -3.473971 6.472264 1.102640
 0.655032  0.060111  10.446367 -3.473971 6.472264 1.102640
 0.655032  0.060111  10.446367 -3.473971 6.472264 1.102640
 0.655752  0.059487  10.420699 -3.456508 6.459597 1.103171
 0.655752  0.059487  10.420699 -3.456508 6.459597 1.103171
 0.655946  0.059690  10.471623 -3.442417 6.313529 1.103519
 0.655946  0.059690  10.471623 -3.442417 6.313529 1.103519
 0.655946  0.059690  10.471623 -3.442417 6.313529 1.103519
 0.655946  0.059690  10.471623 -3.442417 6.313529 1.103519
 0.655946  0.059690  10.471623 -3.442417 6.313529 1.103519
 0.655946  0.059690  10.471623 -3.442417 6.313529 1.103519
 0.657609  0.060271  10.528826 -3.217688 6.351936 1.103578
 0.658156  0.059607  10.512463 -3.228063 6.348676 1.103479
 0.658156  0.059607  10.512463 -3.228063 6.348676 1.103479
 0.658161  0.059615  10.510548 -3.227399 6.349207 1.103480
 0.658161  0.059615  10.510548 -3.227399 6.349207 1.103480
 0.658161  0.059615  10.510548 -3.227399 6.349207 1.103480
 0.658294  0.059257  10.554357 -3.187013 6.314699 1.103422
 0.658294  0.059257  10.554357 -3.187013 6.314699 1.103422
 0.658770  0.059774  10.545623 -3.155203 6.338622 1.103529
 0.659503  0.060203  10.570754 -3.017972 6.334412 1.103591
 0.659882  0.059737  10.577794 -2.996620 6.359427 1.103521
 0.659882  0.059737  10.577794 -2.996620 6.359427 1.103521
 0.659882  0.059737  10.577794 -2.996620 6.359427 1.103521
 0.659882  0.059737  10.577794 -2.996620 6.359427 1.103521
 0.659882  0.059737  10.577794 -2.996620 6.359427 1.103521
 0.659882  0.059737  10.577794 -2.996620 6.359427 1.103521
 0.659921  0.060122  10.593014 -2.790299 6.350882 1.103892
 0.659921  0.060122  10.593014 -2.790299 6.350882 1.103892
 0.660293  0.059836  10.595326 -2.781490 6.348120 1.103840
 0.661112  0.059193  10.565461 -2.783567 6.375998 1.103609
 0.661112  0.059193  10.565461 -2.783567 6.375998 1.103609
 0.661112  0.059193  10.565461 -2.783567 6.375998 1.103609
 0.661695  0.059245  10.489966 -2.767793 6.301514 1.103655
 0.661695  0.059245  10.489966 -2.767793 6.301514 1.103655
 0.662357  0.059609  10.487693 -2.761188 6.294309 1.103774
 0.662497  0.059886  10.486119 -2.762458 6.279413 1.104016
 0.662497  0.059886  10.486119 -2.762458 6.279413 1.104016
 0.662498  0.059901  10.485608 -2.763058 6.279267 1.104012
 0.662498  0.059901  10.485608 -2.763058 6.279267 1.104012
 0.662562  0.059756  10.496129 -2.757790 6.284653 1.104075
 0.662654  0.059604  10.486162 -2.760419 6.274545 1.104230
 0.662654  0.059604  10.486162 -2.760419 6.274545 1.104230
 0.662654  0.059604  10.486162 -2.760419 6.274545 1.104230
 0.662654  0.059604  10.486162 -2.760419 6.274545 1.104230
 0.662654  0.059604  10.486162 -2.760419 6.274545 1.104230
 0.662654  0.059604  10.486162 -2.760419 6.274545 1.104230
 0.662728  0.059434  10.494254 -2.697949 6.301969 1.104160
 0.662781  0.059786  10.486799 -2.710588 6.281772 1.104202
 0.662932  0.059860  10.488250 -2.708426 6.260525 1.104272
 0.663172  0.059780  10.511210 -2.691864 6.263163 1.104432
 0.663172  0.059780  10.511210 -2.691864 6.263163 1.104432
 0.663220  0.059709  10.516000 -2.651176 6.260031 1.104432
 0.663220  0.059709  10.516000 -2.651176 6.260031 1.104432
 0.663414  0.059824  10.516833 -2.662233 6.255025 1.104554
 0.663414  0.059824  10.516833 -2.662233 6.255025 1.104554
 0.663414  0.059824  10.516833 -2.662233 6.255025 1.104554
 0.663414  0.059824  10.516833 -2.662233 6.255025 1.104554
 0.663414  0.059824  10.516833 -2.662233 6.255025 1.104554
 0.663414  0.059824  10.516833 -2.662233 6.255025 1.104554
 0.663414  0.059824  10.516833 -2.662233 6.255025 1.104554
 0.663414  0.059824  10.516833 -2.662233 6.255025 1.104554
 0  1.423583  0.094872 0.014466 -0.016503 8.217726 -3.858947 8.681586 1.001329
 1  1.443500  0.097286 0.013333 -0.017130 8.300384 -3.800111 8.572711 1.000860
 2  1.461456  0.096998 0.011960 -0.017073 8.385943 -3.751218 8.484829 1.002383
 3  1.503901  0.094271 0.014189 -0.016220 8.505891 -3.680600 8.351543 1.004919
 4  1.529809  0.089747 0.013774 -0.015887 8.654486 -3.585723 8.184470 1.007115
 5  1.540904  0.089208 0.012688 -0.016342 8.674945 -3.565068 8.167329 1.006212
 6  1.546797  0.088870 0.012768 -0.016786 8.695558 -3.532681 8.153561 1.004686
 7  1.546797  0.088870 0.012768 -0.016786 8.695558 -3.532681 8.153561 1.004686
 8  1.546797  0.088870 0.012768 -0.016786 8.695558 -3.532681 8.153561 1.004686
 9  1.550586  0.089056 0.013412 -0.016335 8.697138 -3.487138 8.144211 1.005207
 10  1.554376  0.089770 0.013462 -0.016181 8.699104 -3.367244 8.125400 1.006305
 11  1.557729  0.089644 0.012871 -0.016640 8.702751 -3.345211 8.125216 1.006015
 12  1.557729  0.089644 0.012871 -0.016640 8.702751 -3.345211 8.125216 1.006015
 13  1.559239  0.089447 0.013264 -0.016748 8.703359 -3.339021 8.121825 1.005735
 14  1.560002  0.089162 0.013305 -0.016990 8.711027 -3.327121 8.120751 1.005294
 15  1.560002  0.089162 0.013305 -0.016990 8.711027 -3.327121 8.120751 1.005294
 16  1.560002  0.089162 0.013305 -0.016990 8.711027 -3.327121 8.120751 1.005294
 17  1.561231  0.089233 0.013023 -0.016905 8.720738 -3.305023 8.122699 1.005765
 18  1.561231  0.089233 0.013023 -0.016905 8.720738 -3.305023 8.122699 1.005765
 19  1.561231  0.089233 0.013023 -0.016905 8.720738 -3.305023 8.122699 1.005765
 20  1.561859  0.088895 0.012982 -0.016872 8.737880 -3.282874 8.109795 1.005212
 21  1.561859  0.088895 0.012982 -0.016872 8.737880 -3.282874 8.109795 1.005212
 22  1.561859  0.088895 0.012982 -0.016872 8.737880 -3.282874 8.109795 1.005212
 23  1.562644  0.088761 0.012962 -0.017113 8.741640 -3.254620 8.109099 1.005916
 24  1.563366  0.088677 0.013160 -0.017223 8.744750 -3.231797 8.104054 1.006312
 25  1.564038  0.088535 0.013454 -0.017081 8.744436 -3.198748 8.111831 1.006320
 26  1.566436  0.088448 0.013080 -0.016975 8.737144 -3.159772 8.120781 1.006012
 27  1.566436  0.088448 0.013080 -0.016975 8.737144 -3.159772 8.120781 1.006012
 28  1.566436  0.088448 0.013080 -0.016975 8.737144 -3.159772 8.120781 1.006012
 29  1.566741  0.088470 0.013103 -0.017233 8.728415 -3.143541 8.136300 1.005824
 30  1.566741  0.088470 0.013103 -0.017233 8.728415 -3.143541 8.136300 1.005824
 31  1.566741  0.088470 0.013103 -0.017233 8.728415 -3.143541 8.136300 1.005824
 32  1.567160  0.088582 0.013284 -0.017026 8.721401 -3.128179 8.156799 1.005837
 33  1.567160  0.088582 0.013284 -0.017026 8.721401 -3.128179 8.156799 1.005837
 34  1.567160  0.088582 0.013284 -0.017026 8.721401 -3.128179 8.156799 1.005837
 35  1.567402  0.088663 0.013170 -0.017154 8.715529 -3.124050 8.155655 1.005903
 36  1.567402  0.088663 0.013170 -0.017154 8.715529 -3.124050 8.155655 1.005903
 37  1.567402  0.088663 0.013170 -0.017154 8.715529 -3.124050 8.155655 1.005903
 38  1.567402  0.088663 0.013170 -0.017154 8.715529 -3.124050 8.155655 1.005903
 39  1.567402  0.088663 0.013170 -0.017154 8.715529 -3.124050 8.155655 1.005903
 40  1.567402  0.088663 0.013170 -0.017154 8.715529 -3.124050 8.155655 1.005903
 41  1.567402  0.088663 0.013170 -0.017154 8.715529 -3.124050 8.155655 1.005903
 42  1.567402  0.088663 0.013170 -0.017154 8.715529 -3.124050 8.155655 1.005903
