 0  1.016959  -0.000113 -0.038766 0.067962 6.135090 0.894804 2.559224 1.180287
 1  1.019411  -0.000007 -0.039204 0.068024 6.218068 1.029195 2.502090 1.177448
 2  1.026132  0.000699 -0.040404 0.068316 6.491017 1.377998 2.228567 1.177117
 3  1.028480  0.000875 -0.040383 0.068320 6.534367 1.409969 2.186280 1.179818
 4  1.030296  0.001045 -0.039846 0.068135 6.549211 1.438866 2.054250 1.181704
 5  1.030932  0.001061 -0.039706 0.068052 6.552423 1.462335 2.042432 1.179582
 6  1.032257  0.000823 -0.038847 0.067572 6.619206 1.379975 1.884337 1.178196
 7  1.032380  0.000823 -0.038836 0.067563 6.621157 1.379687 1.881247 1.178464
 8  1.032462  0.000816 -0.038828 0.067552 6.620241 1.377605 1.884970 1.178999
 9  1.032715  0.000823 -0.038833 0.067531 6.601569 1.380851 1.888886 1.179741
 10  1.032822  0.000827 -0.038880 0.067473 6.567659 1.378045 1.901481 1.180136
 11  1.033003  0.000844 -0.038911 0.067351 6.402986 1.407200 1.929784 1.179953
 12  1.033003  0.000844 -0.038911 0.067351 6.402986 1.407200 1.929784 1.179953
 13  1.034368  0.000919 -0.038875 0.067291 6.366755 1.429299 1.762692 1.178919
 14  1.034368  0.000919 -0.038875 0.067291 6.366755 1.429299 1.762692 1.178919
 15  1.034368  0.000919 -0.038875 0.067291 6.366755 1.429299 1.762692 1.178919
 16  1.034368  0.000919 -0.038875 0.067291 6.366755 1.429299 1.762692 1.178919
 17  1.034368  0.000919 -0.038875 0.067291 6.366755 1.429299 1.762692 1.178919
 18  1.034509  0.000927 -0.038850 0.067269 6.321471 1.427372 1.759254 1.179261
 19  1.034509  0.000927 -0.038850 0.067269 6.321471 1.427372 1.759254 1.179261
 20  1.034509  0.000927 -0.038850 0.067269 6.321471 1.427372 1.759254 1.179261
