 0  0.625542  0.002033 -0.002224 -0.001284 -0.137965 -0.446263 0.161940 1.144885
 1  0.626335  0.002350 -0.002247 -0.001171 -0.092752 -0.471816 0.165234 1.150943
 2  0.641982  0.005158 -0.001843 0.000570 0.509950 0.249885 0.001833 1.132085
 3  0.664360  0.008677 -0.002056 0.002622 0.804144 0.434629 0.230764 1.168275
 4  0.714634  0.023689 -0.004247 0.019743 1.924508 -0.201720 -1.019430 1.126620
 5  0.765775  0.025582 -0.006043 0.025783 2.199200 -0.380441 -1.288995 1.173161
 6  0.915619  0.027603 -0.021316 0.051449 3.131972 -1.022200 0.046355 1.119906
 7  0.987446  0.027113 -0.022725 0.054712 3.312379 -1.059093 0.048080 1.164096
 8  1.007477  0.024051 -0.026339 0.059876 3.662469 -0.967802 0.252364 1.181322
 9  1.023170  0.022576 -0.027312 0.060568 3.667001 -0.920733 0.215443 1.161413
 10  1.090023  0.010338 -0.034873 0.069670 4.559168 -1.216880 1.517671 1.145122
 11  1.118220  0.009297 -0.035027 0.070347 4.643813 -1.266515 1.650877 1.167791
 12  1.118299  0.009289 -0.035029 0.070346 4.643119 -1.266602 1.651276 1.167893
 13  1.123770  0.008991 -0.035400 0.069277 4.826635 -1.145377 1.837193 1.160449
 14  1.132022  0.008368 -0.035539 0.068455 5.013534 -1.116140 2.006830 1.171865
 15  1.145106  0.002054 -0.036554 0.064181 6.132637 -0.945725 2.897166 1.175021
 16  1.145106  0.002054 -0.036554 0.064181 6.132637 -0.945725 2.897166 1.175021
 17  1.145106  0.002054 -0.036554 0.064181 6.132637 -0.945725 2.897166 1.175021
 18  1.145106  0.002054 -0.036554 0.064181 6.132637 -0.945725 2.897166 1.175021
 19  1.145106  0.002054 -0.036554 0.064181 6.132637 -0.945725 2.897166 1.175021
 20  1.145106  0.002054 -0.036554 0.064181 6.132637 -0.945725 2.897166 1.175021
 21  1.148101  0.002102 -0.036883 0.063681 6.293178 -0.084128 2.975169 1.179115
 22  1.148638  0.002058 -0.036824 0.064179 6.302706 -0.237769 2.975031 1.175489
 23  1.149066  0.001701 -0.036445 0.065221 6.367289 -0.342727 3.073072 1.174971
 24  1.149085  0.001690 -0.036460 0.065271 6.372262 -0.347486 3.087808 1.175384
 25  1.149322  0.001572 -0.036551 0.065337 6.368874 -0.356837 3.192715 1.177676
 26  1.149322  0.001572 -0.036551 0.065337 6.368874 -0.356837 3.192715 1.177676
 27  1.149734  0.001615 -0.036456 0.065297 6.396735 -0.189637 3.173343 1.178133
 28  1.150266  0.001672 -0.036313 0.065222 6.411271 -0.156878 3.449668 1.178983
