 0  0.802910  0.001262 -0.038763 0.067328 6.346202 1.424059 1.740163 1.182835
 1  0.811534  0.003212 -0.038787 0.067214 6.371703 1.456296 1.570734 1.177794
 2  0.816701  0.003635 -0.038617 0.067218 6.394981 1.462156 1.535703 1.181913
 3  0.827791  0.006677 -0.037638 0.066357 6.686573 1.520997 1.128899 1.180482
 4  0.828269  0.006846 -0.037602 0.066132 6.697782 1.524272 1.120932 1.179453
 5  0.829457  0.006417 -0.037743 0.064925 6.674862 1.539900 1.039069 1.179309
 6  0.829875  0.006390 -0.037695 0.064855 6.667315 1.538437 1.038233 1.180225
 7  0.829927  0.006328 -0.037566 0.064762 6.659601 1.541546 1.038082 1.180666
 8  0.829967  0.006261 -0.037533 0.064660 6.662058 1.542967 1.029946 1.180266
 9  0.830039  0.006231 -0.037497 0.064614 6.657979 1.544404 1.027568 1.180379
 10  0.830039  0.006231 -0.037497 0.064614 6.657979 1.544404 1.027568 1.180379
 11  0.831250  0.006244 -0.037531 0.064712 6.780555 1.733247 0.981170 1.179947
 12  0.831402  0.006193 -0.037503 0.064643 6.759374 1.707048 0.988334 1.180390
 13  0.831611  0.006116 -0.037482 0.064476 6.767433 1.701832 1.016457 1.179992
 14  0.832489  0.005990 -0.037554 0.064234 6.782250 1.808507 1.034064 1.181933
 15  0.833271  0.005934 -0.037583 0.064084 6.783397 1.846697 1.054202 1.180596
 16  0.833342  0.005882 -0.037556 0.063969 6.774870 1.858251 1.068869 1.180459
 17  0.833650  0.005869 -0.037561 0.063916 6.766945 1.859464 1.081077 1.181144
 18  0.833650  0.005869 -0.037561 0.063916 6.766945 1.859464 1.081077 1.181144
 19  0.833828  0.005882 -0.037533 0.063874 6.702833 1.859202 1.088912 1.181572
 20  0.835371  0.005772 -0.037638 0.063998 6.770495 2.139089 1.114974 1.181941
 21  0.835371  0.005772 -0.037638 0.063998 6.770495 2.139089 1.114974 1.181941
 22  0.835371  0.005772 -0.037638 0.063998 6.770495 2.139089 1.114974 1.181941
 23  0.835371  0.005772 -0.037638 0.063998 6.770495 2.139089 1.114974 1.181941
 24  0.835371  0.005772 -0.037638 0.063998 6.770495 2.139089 1.114974 1.181941
 25  0.835731  0.005785 -0.037574 0.063902 6.659901 2.159963 1.100585 1.181313
 26  0.835784  0.005764 -0.037637 0.063940 6.702203 2.233691 1.103697 1.181181
 27  0.835805  0.005782 -0.037588 0.063926 6.692719 2.220168 1.013290 1.181765
