 0  1.098064  0.001761 -0.037069 0.065524 6.416735 -0.073412 3.378283 1.179252
 1  1.098111  0.001836 -0.037280 0.065601 6.412244 -0.090519 3.368676 1.180281
 2  1.099556  0.001659 -0.038179 0.065712 6.377382 -0.146103 3.279197 1.177228
 3  1.101027  0.001751 -0.038792 0.066030 6.383674 -0.152357 3.211522 1.181025
 4  1.103572  0.001962 -0.039406 0.066348 6.408500 -0.086122 3.056282 1.176990
 5  1.105779  0.002538 -0.040129 0.067053 6.470488 0.102170 2.692768 1.175229
 6  1.106643  0.002603 -0.040100 0.067260 6.500201 0.210028 2.632106 1.177951
 7  1.106912  0.002469 -0.039780 0.067333 6.492034 0.160331 2.650878 1.177085
 8  1.107582  0.002084 -0.039707 0.067489 6.439321 0.254962 2.644840 1.175164
 9  1.111241  -0.000420 -0.038634 0.067975 6.162079 0.821438 2.570216 1.176885
 10  1.111659  -0.000449 -0.038587 0.067934 6.139730 0.840094 2.549137 1.178543
 11  1.111659  -0.000449 -0.038587 0.067934 6.139730 0.840094 2.549137 1.178543
 12  1.111659  -0.000449 -0.038587 0.067934 6.139730 0.840094 2.549137 1.178543
 13  1.111659  -0.000449 -0.038587 0.067934 6.139730 0.840094 2.549137 1.178543
 14  1.111659  -0.000449 -0.038587 0.067934 6.139730 0.840094 2.549137 1.178543
 15  1.111659  -0.000449 -0.038587 0.067934 6.139730 0.840094 2.549137 1.178543
 16  1.111659  -0.000449 -0.038587 0.067934 6.139730 0.840094 2.549137 1.178543
