 0.429526  -0.334436  5.264974 4.636031 1.050137 0.957250
 0.429526  -0.334436  5.264974 4.636031 1.050137 0.957250
 0.429526  -0.334436  5.264974 4.636031 1.050137 0.957250
 0.431277  -0.334911  5.316330 4.633221 1.037112 0.956589
 0.431277  -0.334911  5.316330 4.633221 1.037112 0.956589
 0.437452  -0.326836  6.192346 4.218970 0.647359 0.947679
 0.449152  -0.329181  6.065656 4.015278 0.689778 0.938364
 0.452390  -0.332546  5.665287 4.323267 0.682897 0.924516
 0.467680  -0.320833  4.870465 4.724628 0.452225 0.905384
 0.475076  -0.309565  4.139484 3.786653 1.006087 0.903331
 0.475076  -0.309565  4.139484 3.786653 1.006087 0.903331
 0.476668  -0.309936  4.096968 3.861831 1.004930 0.902385
 0.476668  -0.309936  4.096968 3.861831 1.004930 0.902385
 0.476668  -0.309936  4.096968 3.861831 1.004930 0.902385
 0.476668  -0.309936  4.096968 3.861831 1.004930 0.902385
 0.476668  -0.309936  4.096968 3.861831 1.004930 0.902385
 0.487917  -0.323283  1.758066 3.263900 -0.450096 0.894436
 0.487917  -0.323283  1.758066 3.263900 -0.450096 0.894436
 0.501530  -0.309924  0.579576 2.955286 -2.020516 0.891408
 0.501530  -0.309924  0.579576 2.955286 -2.020516 0.891408
 0.501530  -0.309924  0.579576 2.955286 -2.020516 0.891408
 0.502193  -0.312096  0.469248 3.248636 -2.026210 0.891324
 0.502193  -0.312096  0.469248 3.248636 -2.026210 0.891324
 0.502193  -0.312096  0.469248 3.248636 -2.026210 0.891324
 0.502193  -0.312096  0.469248 3.248636 -2.026210 0.891324
 0.502193  -0.312096  0.469248 3.248636 -2.026210 0.891324
 0.502193  -0.312096  0.469248 3.248636 -2.026210 0.891324
 0.502477  -0.313272  0.125992 3.841296 -1.766449 0.891067
 0.502477  -0.313272  0.125992 3.841296 -1.766449 0.891067
 0.502477  -0.313272  0.125992 3.841296 -1.766449 0.891067
 0.502510  -0.314707  0.062964 3.771502 -1.783214 0.896047
 0.502510  -0.314707  0.062964 3.771502 -1.783214 0.896047
 0.502510  -0.314707  0.062964 3.771502 -1.783214 0.896047
 0.502510  -0.314707  0.062964 3.771502 -1.783214 0.896047
 0.502510  -0.314707  0.062964 3.771502 -1.783214 0.896047
 0.504254  -0.313326  -0.299840 3.482810 -1.484345 0.896492
 0.504254  -0.313326  -0.299840 3.482810 -1.484345 0.896492
 0.505409  -0.309724  -0.006866 3.427717 -1.468452 0.897985
 0.505409  -0.309724  -0.006866 3.427717 -1.468452 0.897985
 0.505409  -0.309724  -0.006866 3.427717 -1.468452 0.897985
 0.505409  -0.309724  -0.006866 3.427717 -1.468452 0.897985
 0.505409  -0.309724  -0.006866 3.427717 -1.468452 0.897985
 0.505409  -0.309724  -0.006866 3.427717 -1.468452 0.897985
 0.505409  -0.309724  -0.006866 3.427717 -1.468452 0.897985
 0.505409  -0.309724  -0.006866 3.427717 -1.468452 0.897985
 0  0.523391  0.013402 -0.068126 0.036773 1.190705 -1.721253 -0.432685 1.069468
 1  0.712320  0.019540 -0.095719 0.013546 1.844957 -2.682124 -1.366294 1.125769
 2  0.875142  0.040693 -0.082697 -0.011053 2.031484 -3.175478 -1.414261 1.144278
 3  0.875142  0.040693 -0.082697 -0.011053 2.031484 -3.175478 -1.414261 1.144278
 4  0.877664  0.040695 -0.081553 -0.011092 2.032076 -3.186245 -1.398631 1.144082
 5  0.877664  0.040695 -0.081553 -0.011092 2.032076 -3.186245 -1.398631 1.144082
 6  0.877664  0.040695 -0.081553 -0.011092 2.032076 -3.186245 -1.398631 1.144082
 7  0.877664  0.040695 -0.081553 -0.011092 2.032076 -3.186245 -1.398631 1.144082
 8  0.877664  0.040695 -0.081553 -0.011092 2.032076 -3.186245 -1.398631 1.144082
 9  0.916879  0.046913 -0.074473 -0.010251 -0.086273 -3.094478 -1.500498 1.142597
 10  0.916879  0.046913 -0.074473 -0.010251 -0.086273 -3.094478 -1.500498 1.142597
 11  0.940017  0.046904 -0.079474 -0.013526 -0.787248 -3.270678 -1.372656 1.139283
 12  0.940017  0.046904 -0.079474 -0.013526 -0.787248 -3.270678 -1.372656 1.139283
 13  0.944985  0.046135 -0.076897 -0.010505 -2.130101 -3.699424 -0.679660 1.128096
 14  0.958836  0.048886 -0.072339 -0.006445 -2.797397 -3.940437 -0.283118 1.123449
 15  0.970455  0.057141 -0.067109 -0.004245 -3.254598 -4.123594 -0.245878 1.128240
 16  1.028582  0.075707 -0.076262 -0.004638 -3.899421 -4.444691 0.108528 1.148357
 17  1.034177  0.080503 -0.076100 -0.002701 -4.020293 -4.601011 0.151778 1.153052
 18  1.034177  0.080503 -0.076100 -0.002701 -4.020293 -4.601011 0.151778 1.153052
 19  1.034177  0.080503 -0.076100 -0.002701 -4.020293 -4.601011 0.151778 1.153052
 20  1.034177  0.080503 -0.076100 -0.002701 -4.020293 -4.601011 0.151778 1.153052
 21  1.034177  0.080503 -0.076100 -0.002701 -4.020293 -4.601011 0.151778 1.153052
 22  1.034177  0.080503 -0.076100 -0.002701 -4.020293 -4.601011 0.151778 1.153052
 23  1.048155  0.080944 -0.073651 0.000620 -4.187701 -5.754463 0.056953 1.151971
 24  1.064871  0.082242 -0.073051 0.010292 -4.529784 -6.586506 0.153684 1.150608
 25  1.064871  0.082242 -0.073051 0.010292 -4.529784 -6.586506 0.153684 1.150608
 26  1.064871  0.082242 -0.073051 0.010292 -4.529784 -6.586506 0.153684 1.150608
 27  1.064871  0.082242 -0.073051 0.010292 -4.529784 -6.586506 0.153684 1.150608
 28  1.064871  0.082242 -0.073051 0.010292 -4.529784 -6.586506 0.153684 1.150608
 29  1.064871  0.082242 -0.073051 0.010292 -4.529784 -6.586506 0.153684 1.150608
 30  1.098818  0.080699 -0.070708 0.014705 -5.097397 -7.653288 1.151063 1.153891
 31  1.098818  0.080699 -0.070708 0.014705 -5.097397 -7.653288 1.151063 1.153891
 32  1.098818  0.080699 -0.070708 0.014705 -5.097397 -7.653288 1.151063 1.153891
 33  1.098818  0.080699 -0.070708 0.014705 -5.097397 -7.653288 1.151063 1.153891
 34  1.098818  0.080699 -0.070708 0.014705 -5.097397 -7.653288 1.151063 1.153891
 35  1.098818  0.080699 -0.070708 0.014705 -5.097397 -7.653288 1.151063 1.153891
 36  1.098818  0.080699 -0.070708 0.014705 -5.097397 -7.653288 1.151063 1.153891
 37  1.098818  0.080699 -0.070708 0.014705 -5.097397 -7.653288 1.151063 1.153891
