 0.217445  -0.326058  1.523579 3.710714 -2.198667 0.889564
 0.219702  -0.328092  1.480461 3.773041 -2.231550 0.886890
 0.222783  -0.326240  1.608287 3.972757 -2.290849 0.885026
 0.223097  -0.325761  1.664194 4.050094 -2.312733 0.884289
 0.226086  -0.328064  1.686118 4.140025 -2.357199 0.884784
 0.226086  -0.328064  1.686118 4.140025 -2.357199 0.884784
 0.226086  -0.328064  1.686118 4.140025 -2.357199 0.884784
 0.226352  -0.328149  1.720407 4.346868 -2.221347 0.885206
 0.226352  -0.328149  1.720407 4.346868 -2.221347 0.885206
 0.226364  -0.328150  1.720413 4.347032 -2.221322 0.885207
 0.226364  -0.328150  1.720413 4.347032 -2.221322 0.885207
 0.226364  -0.328150  1.720413 4.347032 -2.221322 0.885207
 0.226913  -0.328837  1.661020 4.496096 -2.380443 0.885910
 0.226913  -0.328837  1.661020 4.496096 -2.380443 0.885910
 0.228020  -0.326584  1.737468 4.415019 -2.413920 0.885691
 0.228020  -0.326584  1.737468 4.415019 -2.413920 0.885691
 0.228020  -0.326584  1.737468 4.415019 -2.413920 0.885691
 0.228260  -0.327174  1.822825 4.432924 -2.280470 0.885957
 0.228290  -0.327148  1.818487 4.432169 -2.287617 0.885947
 0.229713  -0.327139  2.206433 4.581782 -2.629430 0.885857
 0.229713  -0.327139  2.206433 4.581782 -2.629430 0.885857
 0.230085  -0.327519  2.084394 4.525784 -2.541644 0.885780
 0.230085  -0.327519  2.084394 4.525784 -2.541644 0.885780
 0.230115  -0.327518  2.084316 4.526239 -2.541264 0.885785
 0.230115  -0.327518  2.084316 4.526239 -2.541264 0.885785
 0.230115  -0.327518  2.084316 4.526239 -2.541264 0.885785
 0.230299  -0.327665  2.058362 4.517457 -2.526938 0.885568
 0.230299  -0.327665  2.058362 4.517457 -2.526938 0.885568
 0.230299  -0.327665  2.058362 4.517457 -2.526938 0.885568
 0.230299  -0.327665  2.058362 4.517457 -2.526938 0.885568
 0.230299  -0.327665  2.058362 4.517457 -2.526938 0.885568
 0.230299  -0.327665  2.058362 4.517457 -2.526938 0.885568
 0.230299  -0.327665  2.058362 4.517457 -2.526938 0.885568
 0.230299  -0.327665  2.058362 4.517457 -2.526938 0.885568
 0  1.460623  0.078445 -0.035756 0.005225 -2.140057 -4.622897 8.380225 1.131975
 1  1.477525  0.081126 -0.036823 0.006121 -2.093751 -4.593176 8.271935 1.131977
 2  1.514671  0.082179 -0.037094 0.002457 -2.022367 -4.564829 8.116888 1.132158
 3  1.527265  0.081707 -0.035771 0.001485 -1.970027 -4.538549 8.023358 1.132229
 4  1.567790  0.077017 -0.035038 0.002275 -1.740313 -4.439588 7.661863 1.132583
 5  1.583708  0.076440 -0.036642 0.002542 -1.717539 -4.430432 7.632470 1.132872
 6  1.584568  0.076171 -0.036945 0.002888 -1.710261 -4.424111 7.629608 1.133209
 7  1.584568  0.076171 -0.036945 0.002888 -1.710261 -4.424111 7.629608 1.133209
 8  1.586358  0.075966 -0.036453 0.003048 -1.703578 -4.422544 7.634204 1.133384
 9  1.586872  0.075719 -0.036285 0.003206 -1.689311 -4.411553 7.637332 1.133810
 10  1.586872  0.075719 -0.036285 0.003206 -1.689311 -4.411553 7.637332 1.133810
 11  1.586872  0.075719 -0.036285 0.003206 -1.689311 -4.411553 7.637332 1.133810
 12  1.587926  0.075679 -0.036608 0.002909 -1.692098 -4.391193 7.630275 1.133972
 13  1.587926  0.075679 -0.036608 0.002909 -1.692098 -4.391193 7.630275 1.133972
 14  1.588217  0.075586 -0.036448 0.003062 -1.685076 -4.383423 7.628069 1.133977
 15  1.588706  0.075357 -0.036446 0.003403 -1.661759 -4.357280 7.625643 1.133994
 16  1.589143  0.075227 -0.036727 0.003274 -1.646756 -4.336545 7.622132 1.134053
 17  1.589838  0.075024 -0.036716 0.002822 -1.619828 -4.293170 7.612617 1.134189
 18  1.590334  0.075023 -0.036390 0.002878 -1.618430 -4.269509 7.605372 1.134214
 19  1.590334  0.075023 -0.036390 0.002878 -1.618430 -4.269509 7.605372 1.134214
 20  1.590792  0.074937 -0.036596 0.002941 -1.623146 -4.261810 7.607990 1.134229
 21  1.590792  0.074937 -0.036596 0.002941 -1.623146 -4.261810 7.607990 1.134229
 22  1.590792  0.074937 -0.036596 0.002941 -1.623146 -4.261810 7.607990 1.134229
 23  1.590792  0.074937 -0.036596 0.002941 -1.623146 -4.261810 7.607990 1.134229
 24  1.591687  0.075018 -0.036520 0.003111 -1.660727 -4.232837 7.627447 1.134461
 25  1.591687  0.075018 -0.036520 0.003111 -1.660727 -4.232837 7.627447 1.134461
 26  1.591687  0.075018 -0.036520 0.003111 -1.660727 -4.232837 7.627447 1.134461
 27  1.591687  0.075018 -0.036520 0.003111 -1.660727 -4.232837 7.627447 1.134461
 28  1.591687  0.075018 -0.036520 0.003111 -1.660727 -4.232837 7.627447 1.134461
 29  1.591687  0.075018 -0.036520 0.003111 -1.660727 -4.232837 7.627447 1.134461
 30  1.591687  0.075018 -0.036520 0.003111 -1.660727 -4.232837 7.627447 1.134461
 31  1.591687  0.075018 -0.036520 0.003111 -1.660727 -4.232837 7.627447 1.134461
