 0  1.015357  0.091926 0.073734 -0.014436 6.070560 -1.706142 1.614080 1.103352
 1  1.016074  0.092107 0.073804 -0.014464 6.057915 -1.712402 1.605588 1.105286
 2  1.017128  0.092291 0.074143 -0.014703 6.081523 -1.701222 1.502825 1.107188
 3  1.019609  0.092666 0.074575 -0.015051 6.121719 -1.689588 1.352698 1.104155
 4  1.021081  0.093447 0.075027 -0.015557 6.164071 -1.634420 1.134659 1.105076
 5  1.021207  0.093471 0.075014 -0.015560 6.175538 -1.642664 1.125978 1.105348
 6  1.021404  0.093479 0.074940 -0.015532 6.187905 -1.626877 1.098303 1.106429
 7  1.021404  0.093479 0.074940 -0.015532 6.187905 -1.626877 1.098303 1.106429
 8  1.021404  0.093479 0.074940 -0.015532 6.187905 -1.626877 1.098303 1.106429
 9  1.021404  0.093479 0.074940 -0.015532 6.187905 -1.626877 1.098303 1.106429
 10  1.021404  0.093479 0.074940 -0.015532 6.187905 -1.626877 1.098303 1.106429
 11  1.021404  0.093479 0.074940 -0.015532 6.187905 -1.626877 1.098303 1.106429
