 0.422333  -0.311084  0.078932 3.121018 -1.501948 0.897677
 0.424218  -0.314084  0.048368 2.725513 -1.861255 0.895189
 0.424218  -0.314084  0.048368 2.725513 -1.861255 0.895189
 0.424311  -0.313996  0.019334 2.762767 -1.864243 0.895389
 0.424311  -0.313996  0.019334 2.762767 -1.864243 0.895389
 0.424354  -0.314073  0.012817 2.765856 -1.860244 0.895445
 0.424354  -0.314073  0.012817 2.765856 -1.860244 0.895445
 0.424354  -0.314073  0.012817 2.765856 -1.860244 0.895445
 0.424354  -0.314073  0.012817 2.765856 -1.860244 0.895445
 0.424452  -0.313748  -0.129482 2.745838 -1.890252 0.894966
 0.424452  -0.313748  -0.129482 2.745838 -1.890252 0.894966
 0.424452  -0.313748  -0.129482 2.745838 -1.890252 0.894966
 0.424452  -0.313748  -0.129482 2.745838 -1.890252 0.894966
 0.424452  -0.313748  -0.129482 2.745838 -1.890252 0.894966
 0.424452  -0.313748  -0.129482 2.745838 -1.890252 0.894966
 0.424452  -0.313748  -0.129482 2.745838 -1.890252 0.894966
 0.424452  -0.313748  -0.129482 2.745838 -1.890252 0.894966
 0  0.944403  0.080699 -0.070708 0.014705 -5.097397 -7.653288 1.151063 1.153891
 1  0.950582  0.080164 -0.069820 0.015991 -5.104769 -7.647499 1.159782 1.154020
 2  0.958548  0.079643 -0.067796 0.019728 -5.121796 -7.546375 1.227217 1.154480
 3  0.959502  0.079534 -0.068178 0.020961 -5.111328 -7.515159 1.227462 1.154679
 4  0.962913  0.079385 -0.069551 0.020748 -5.064199 -7.488540 1.275682 1.154850
 5  0.966375  0.079382 -0.069979 0.019969 -4.977731 -7.518144 1.302134 1.155350
 6  0.983241  0.077143 -0.066450 0.012140 -3.969424 -7.132436 1.747274 1.157091
 7  1.032846  0.078023 -0.061726 0.013169 -2.593043 -6.414398 2.180233 1.146048
 8  1.054662  0.077189 -0.066273 0.010871 -2.306784 -5.989555 2.479860 1.136228
 9  1.061845  0.077012 -0.065737 0.009273 -2.147978 -5.771472 2.809775 1.129345
 10  1.061845  0.077012 -0.065737 0.009273 -2.147978 -5.771472 2.809775 1.129345
 11  1.061845  0.077012 -0.065737 0.009273 -2.147978 -5.771472 2.809775 1.129345
 12  1.064406  0.076703 -0.065449 0.009596 -1.869318 -5.862324 2.732121 1.132955
 13  1.064406  0.076703 -0.065449 0.009596 -1.869318 -5.862324 2.732121 1.132955
 14  1.136699  0.067644 -0.039236 0.002498 -2.098531 -6.999786 4.089952 1.142931
 15  1.214117  0.056767 -0.027632 0.002845 -2.391065 -7.750070 5.581799 1.143690
 16  1.393706  0.052434 -0.039776 0.003586 -2.483053 -7.921109 6.303475 1.139493
 17  1.435044  0.052157 -0.043577 0.009865 -2.517310 -7.963664 6.651691 1.134022
 18  1.435044  0.052157 -0.043577 0.009865 -2.517310 -7.963664 6.651691 1.134022
 19  1.435044  0.052157 -0.043577 0.009865 -2.517310 -7.963664 6.651691 1.134022
 20  1.451875  0.052461 -0.041552 0.014044 -2.507090 -7.968045 6.625149 1.132909
 21  1.451875  0.052461 -0.041552 0.014044 -2.507090 -7.968045 6.625149 1.132909
 22  1.451875  0.052461 -0.041552 0.014044 -2.507090 -7.968045 6.625149 1.132909
 23  1.451875  0.052461 -0.041552 0.014044 -2.507090 -7.968045 6.625149 1.132909
 24  1.451875  0.052461 -0.041552 0.014044 -2.507090 -7.968045 6.625149 1.132909
 25  1.451875  0.052461 -0.041552 0.014044 -2.507090 -7.968045 6.625149 1.132909
 26  1.451875  0.052461 -0.041552 0.014044 -2.507090 -7.968045 6.625149 1.132909
 27  1.451875  0.052461 -0.041552 0.014044 -2.507090 -7.968045 6.625149 1.132909
 28  1.452656  0.053607 -0.039843 0.013293 -2.457130 -7.938219 6.548656 1.132135
 29  1.458498  0.058463 -0.039182 0.009158 -2.396625 -7.852329 6.525908 1.130644
 30  1.470292  0.061391 -0.042259 0.008412 -2.408814 -7.767783 6.673762 1.130490
 31  1.490573  0.069365 -0.044837 0.008237 -2.466112 -7.495329 7.136947 1.130485
 32  1.490573  0.069365 -0.044837 0.008237 -2.466112 -7.495329 7.136947 1.130485
 33  1.490573  0.069365 -0.044837 0.008237 -2.466112 -7.495329 7.136947 1.130485
 34  1.517391  0.067360 -0.041465 0.012763 -2.459096 -7.461887 7.138295 1.129719
 35  1.517391  0.067360 -0.041465 0.012763 -2.459096 -7.461887 7.138295 1.129719
 36  1.517391  0.067360 -0.041465 0.012763 -2.459096 -7.461887 7.138295 1.129719
 37  1.521343  0.066625 -0.041493 0.010003 -2.515366 -7.569028 7.204018 1.130182
 38  1.522414  0.065292 -0.038380 0.003676 -2.643656 -7.744425 7.431240 1.131311
 39  1.522414  0.065292 -0.038380 0.003676 -2.643656 -7.744425 7.431240 1.131311
 40  1.522414  0.065292 -0.038380 0.003676 -2.643656 -7.744425 7.431240 1.131311
 41  1.536671  0.065896 -0.039154 0.009645 -2.631095 -7.706470 7.506584 1.129389
 42  1.547629  0.067627 -0.038054 0.012755 -2.600900 -7.441459 7.686894 1.128100
 43  1.575651  0.073293 -0.039382 0.014068 -2.575005 -6.455723 8.227586 1.125552
 44  1.640278  0.073947 -0.036929 0.000717 -2.510047 -6.169138 8.513093 1.129159
 45  1.640278  0.073947 -0.036929 0.000717 -2.510047 -6.169138 8.513093 1.129159
 46  1.640278  0.073947 -0.036929 0.000717 -2.510047 -6.169138 8.513093 1.129159
 47  1.640278  0.073947 -0.036929 0.000717 -2.510047 -6.169138 8.513093 1.129159
 48  1.650870  0.074310 -0.035750 0.004028 -2.442553 -5.816111 8.595527 1.130005
 49  1.650870  0.074310 -0.035750 0.004028 -2.442553 -5.816111 8.595527 1.130005
 50  1.650870  0.074310 -0.035750 0.004028 -2.442553 -5.816111 8.595527 1.130005
 51  1.657637  0.073436 -0.036987 0.001818 -2.510709 -5.757989 8.688196 1.130220
 52  1.657637  0.073436 -0.036987 0.001818 -2.510709 -5.757989 8.688196 1.130220
 53  1.657637  0.073436 -0.036987 0.001818 -2.510709 -5.757989 8.688196 1.130220
 54  1.657637  0.073436 -0.036987 0.001818 -2.510709 -5.757989 8.688196 1.130220
 55  1.657637  0.073436 -0.036987 0.001818 -2.510709 -5.757989 8.688196 1.130220
 56  1.657637  0.073436 -0.036987 0.001818 -2.510709 -5.757989 8.688196 1.130220
 57  1.657637  0.073436 -0.036987 0.001818 -2.510709 -5.757989 8.688196 1.130220
 58  1.657637  0.073436 -0.036987 0.001818 -2.510709 -5.757989 8.688196 1.130220
