 0  1.087059  -0.038767 0.058712 0.057876 7.202631 -7.027935 -4.510777 1.120711
 1  1.090358  -0.039320 0.058933 0.057897 7.183961 -6.963643 -4.626700 1.125995
 2  1.094110  -0.041885 0.060866 0.059074 7.307525 -7.103958 -4.826197 1.127704
 3  1.095280  -0.042609 0.060931 0.059115 7.403236 -7.192100 -4.811486 1.123404
 4  1.095949  -0.042889 0.060603 0.058993 7.416342 -7.234221 -4.894043 1.124500
 5  1.095949  -0.042889 0.060603 0.058993 7.416342 -7.234221 -4.894043 1.124500
 6  1.095949  -0.042889 0.060603 0.058993 7.416342 -7.234221 -4.894043 1.124500
 7  1.095949  -0.042889 0.060603 0.058993 7.416342 -7.234221 -4.894043 1.124500
 8  1.096502  -0.042838 0.060710 0.059127 7.663849 -7.224066 -4.917572 1.122310
 9  1.096502  -0.042838 0.060710 0.059127 7.663849 -7.224066 -4.917572 1.122310
 10  1.096693  -0.042860 0.060675 0.059101 7.658340 -7.231263 -5.007065 1.122876
