 0  1.005424  -0.042910 0.060230 0.059062 7.673752 -7.230513 -5.034764 1.127152
 1  1.008699  -0.043082 0.059581 0.058855 7.763637 -7.178657 -5.051153 1.123282
 2  1.010235  -0.043155 0.059166 0.058787 7.806022 -7.179918 -5.037107 1.125929
 3  1.012337  -0.043517 0.058413 0.058684 7.921768 -7.231866 -5.202001 1.123611
 4  1.013086  -0.043777 0.058172 0.058599 7.966322 -7.235462 -5.233464 1.125765
 5  1.018862  -0.046182 0.059081 0.056984 8.398678 -6.882901 -5.612995 1.128464
 6  1.019723  -0.046244 0.059145 0.056988 8.424828 -6.871823 -5.609675 1.126538
 7  1.019723  -0.046244 0.059145 0.056988 8.424828 -6.871823 -5.609675 1.126538
 8  1.020144  -0.046327 0.058940 0.057556 8.317412 -6.690183 -5.436812 1.128456
 9  1.020505  -0.046314 0.058910 0.057602 8.303412 -6.670152 -5.418623 1.127768
 10  1.020505  -0.046314 0.058910 0.057602 8.303412 -6.670152 -5.418623 1.127768
 11  1.020505  -0.046314 0.058910 0.057602 8.303412 -6.670152 -5.418623 1.127768
 12  1.021056  -0.046260 0.058902 0.057626 8.300015 -6.685561 -5.535617 1.126779
