 0  0.466664  0.002593 0.016550 -0.000014 -0.919352 0.128662 0.105194 1.089721
 1  0.595603  0.001113 0.037586 0.002555 -0.622789 -0.002999 0.384947 1.029516
 2  0.623308  0.000567 0.043740 0.003761 -0.477305 -0.509441 0.391318 1.069400
 3  0.649176  -0.000404 0.049060 0.005536 -0.068087 -1.052331 -0.354289 1.045821
 4  0.662942  -0.001051 0.054471 0.007612 -0.071991 -0.666435 -0.592916 1.076176
 5  0.676277  -0.002511 0.058337 0.011637 0.122664 -0.428518 -0.982354 1.061887
 6  0.686715  -0.002883 0.059289 0.013652 0.219926 -0.559954 -0.683225 1.083582
 7  0.798316  -0.007532 0.068721 0.050045 2.718092 -2.271969 3.862065 1.133331
 8  0.814433  -0.006672 0.069127 0.051780 2.828569 -2.346830 3.792061 1.153978
 9  0.925170  0.008130 0.066821 0.061761 5.770748 -2.614282 1.098216 1.154969
 10  0.974331  0.010213 0.064739 0.062646 6.218211 -2.781388 0.304427 1.123630
 11  0.980074  0.009239 0.060855 0.061392 6.460546 -2.661083 0.091338 1.115622
 12  0.990492  0.008547 0.060079 0.061252 6.484263 -2.846745 0.055081 1.128735
 13  1.003283  -0.002037 0.052742 0.057844 6.457196 -3.912206 -0.061903 1.133949
 14  1.018557  -0.007692 0.052916 0.057742 6.625368 -4.955268 -0.304922 1.116629
 15  1.030382  -0.009161 0.054290 0.058287 6.680677 -5.063357 -0.254850 1.131478
 16  1.035592  -0.010644 0.055748 0.058551 6.765634 -5.217914 -0.309571 1.122615
 17  1.046045  -0.011759 0.057057 0.059117 6.851507 -5.387077 -0.631645 1.134905
 18  1.061521  -0.015145 0.058531 0.059993 7.105429 -5.823808 -0.995384 1.119428
 19  1.070119  -0.016688 0.058741 0.060289 7.134807 -5.894747 -1.122148 1.130128
 20  1.111884  -0.027863 0.057559 0.060604 7.464446 -6.071164 -3.264833 1.114257
 21  1.124032  -0.029998 0.057925 0.060944 7.456525 -6.142317 -3.628304 1.127242
 22  1.124486  -0.030997 0.058204 0.060885 7.408136 -6.107046 -3.721810 1.130195
 23  1.125730  -0.031133 0.058224 0.060728 7.431620 -6.084774 -3.707780 1.125221
 24  1.125730  -0.031133 0.058224 0.060728 7.431620 -6.084774 -3.707780 1.125221
 25  1.125730  -0.031133 0.058224 0.060728 7.431620 -6.084774 -3.707780 1.125221
 26  1.125730  -0.031133 0.058224 0.060728 7.431620 -6.084774 -3.707780 1.125221
 27  1.126283  -0.031604 0.058336 0.060592 7.437733 -6.063848 -3.742958 1.128350
 28  1.126283  -0.031604 0.058336 0.060592 7.437733 -6.063848 -3.742958 1.128350
 29  1.131666  -0.032199 0.058552 0.060401 7.292231 -7.203631 -3.797609 1.123156
 30  1.133074  -0.033325 0.058728 0.060147 7.302216 -7.561494 -3.847276 1.126580
 31  1.135891  -0.034707 0.058879 0.059407 7.311980 -7.607500 -3.742073 1.121255
 32  1.137180  -0.035482 0.059125 0.059145 7.327491 -7.704132 -3.834080 1.125626
 33  1.137506  -0.036034 0.059209 0.058935 7.351656 -7.771962 -3.829941 1.122949
 34  1.138180  -0.036156 0.059233 0.058805 7.363840 -7.743633 -3.788449 1.125668
 35  1.138180  -0.036156 0.059233 0.058805 7.363840 -7.743633 -3.788449 1.125668
 36  1.138952  -0.036475 0.059212 0.058673 7.373160 -7.744768 -3.772112 1.123511
 37  1.139078  -0.036485 0.059212 0.058671 7.357290 -7.743411 -3.771786 1.123517
 38  1.139275  -0.036360 0.059207 0.058700 7.389278 -7.537393 -3.767982 1.123461
 39  1.139275  -0.036360 0.059207 0.058700 7.389278 -7.537393 -3.767982 1.123461
