 0  0.754311  -0.046144 0.058911 0.057766 8.308741 -6.683520 -5.549308 1.127525
 1  0.757981  -0.046022 0.058989 0.058649 8.507619 -6.647865 -5.714587 1.125089
 2  0.759398  -0.045925 0.059079 0.058947 8.566056 -6.619484 -5.776539 1.126847
 3  0.762121  -0.045488 0.059911 0.059883 8.783174 -6.296070 -5.906858 1.127903
 4  0.763238  -0.045362 0.060058 0.060070 8.834951 -6.196584 -5.934779 1.126311
 5  0.767006  -0.045276 0.059197 0.059630 8.769081 -6.026711 -6.000179 1.123445
 6  0.769574  -0.045218 0.059090 0.059492 8.768824 -6.004756 -6.015785 1.126875
 7  0.769677  -0.045192 0.059082 0.059396 8.767017 -5.997187 -6.022513 1.127417
 8  0.770557  -0.045243 0.059114 0.059197 8.764363 -5.992140 -6.026422 1.125815
 9  0.774936  -0.044751 0.059546 0.057065 8.528622 -5.990308 -6.062365 1.128526
 10  0.776257  -0.044660 0.059540 0.056922 8.518782 -5.982115 -6.067460 1.126813
 11  0.776445  -0.044442 0.059457 0.056813 8.500980 -5.976424 -6.057450 1.126288
 12  0.776939  -0.044386 0.059387 0.056773 8.494837 -5.953623 -6.070278 1.127867
 13  0.776998  -0.044355 0.059358 0.056760 8.493073 -5.944180 -6.071828 1.128221
 14  0.778233  -0.044157 0.059300 0.056662 8.491429 -5.897555 -6.085456 1.126006
 15  0.781646  -0.043214 0.059244 0.056523 8.429522 -5.734490 -6.269803 1.128661
 16  0.782964  -0.042849 0.059327 0.056415 8.428883 -5.688925 -6.302131 1.126626
 17  0.788524  -0.040780 0.060553 0.055861 8.479467 -5.211395 -6.402678 1.130104
 18  0.790613  -0.040252 0.060738 0.055697 8.503981 -5.092746 -6.420187 1.127415
 19  0.790796  -0.040117 0.060721 0.055671 8.508330 -5.066410 -6.427086 1.127231
 20  0.791239  -0.040079 0.060611 0.055679 8.515158 -5.048703 -6.413521 1.128336
 21  0.792304  -0.039854 0.060290 0.055894 8.523524 -5.078314 -6.203359 1.127441
 22  0.793945  -0.039476 0.059651 0.056094 8.376391 -5.056877 -6.030686 1.128538
 23  0.794019  -0.039400 0.059582 0.056119 8.346899 -5.058289 -6.014177 1.127930
 24  0.794092  -0.039376 0.059556 0.056143 8.333111 -5.056272 -6.007159 1.127761
 25  0.794092  -0.039376 0.059556 0.056143 8.333111 -5.056272 -6.007159 1.127761
 26  0.794311  -0.039220 0.059469 0.056235 8.269777 -5.029143 -6.008633 1.127415
 27  0.794508  -0.039187 0.059460 0.056255 8.235200 -5.027163 -6.011998 1.127567
 28  0.794508  -0.039187 0.059460 0.056255 8.235200 -5.027163 -6.011998 1.127567
 29  0.794675  -0.039168 0.059487 0.056275 8.235731 -5.035467 -6.083973 1.128065
