 0  0.801029  -0.067243 -0.085768 -0.072705 -8.041658 -6.894005 10.009930 1.249911
 1  0.807068  -0.067391 -0.086155 -0.072537 -7.801783 -6.875125 9.826501 1.253824
 2  0.810176  -0.067567 -0.086377 -0.072335 -7.551026 -6.831534 9.633847 1.253795
 3  0.813495  -0.067591 -0.086109 -0.072385 -7.523654 -6.837880 9.595369 1.249666
 4  0.814667  -0.067679 -0.085341 -0.072907 -7.487595 -6.858594 9.502239 1.248571
 5  0.815748  -0.067731 -0.085128 -0.073390 -7.534033 -6.847378 9.478983 1.250829
 6  0.816545  -0.067721 -0.085000 -0.073559 -7.568464 -6.833797 9.491679 1.248351
 7  0.816545  -0.067721 -0.085000 -0.073559 -7.568464 -6.833797 9.491679 1.248351
 8  0.817150  -0.067696 -0.085056 -0.073693 -7.596478 -6.799130 9.533606 1.249756
 9  0.818546  -0.067619 -0.085238 -0.073911 -7.634687 -6.696479 9.579434 1.247489
 10  0.820289  -0.067525 -0.085710 -0.074469 -7.733069 -6.493834 9.710598 1.249714
 11  0.820601  -0.067525 -0.085853 -0.074672 -7.780278 -6.442883 9.724912 1.248680
 12  0.827398  -0.067827 -0.086169 -0.075936 -7.909557 -5.924825 9.532219 1.244062
 13  0.831416  -0.067871 -0.086151 -0.076325 -7.916922 -5.847236 9.502042 1.248597
 14  0.831923  -0.067875 -0.085627 -0.077314 -7.907655 -5.715762 9.484551 1.250485
 15  0.834425  -0.067958 -0.085455 -0.077573 -7.888014 -5.695104 9.411604 1.246252
 16  0.835036  -0.068016 -0.085296 -0.077790 -7.841392 -5.701291 9.329779 1.245144
 17  0.837371  -0.068092 -0.085232 -0.077846 -7.802175 -5.691549 9.291821 1.248660
 18  0.837647  -0.068112 -0.085177 -0.077841 -7.769981 -5.678415 9.243077 1.249595
 19  0.839034  -0.068195 -0.085039 -0.077768 -7.736294 -5.630193 9.190910 1.247487
 20  0.839366  -0.068259 -0.084692 -0.077737 -7.703776 -5.555205 9.149293 1.247117
 21  0.839834  -0.068315 -0.084605 -0.077791 -7.705262 -5.551752 9.153423 1.248753
 22  0.839882  -0.068316 -0.084615 -0.077772 -7.704589 -5.554793 9.154355 1.248574
 23  0.839882  -0.068316 -0.084615 -0.077772 -7.704589 -5.554793 9.154355 1.248574
 24  0.839882  -0.068316 -0.084615 -0.077772 -7.704589 -5.554793 9.154355 1.248574
 25  0.839882  -0.068316 -0.084615 -0.077772 -7.704589 -5.554793 9.154355 1.248574
 26  0.839912  -0.068316 -0.084615 -0.077772 -7.704592 -5.554828 9.154060 1.248573
