 0  1.091908  -0.067847 -0.086043 -0.070938 -8.601324 -7.508863 11.740985 1.252091
 1  1.095853  -0.067376 -0.086324 -0.070975 -8.615978 -7.477768 11.615904 1.245461
 2  1.096034  -0.067134 -0.086387 -0.071061 -8.593018 -7.419785 11.635579 1.244411
 3  1.097323  -0.066753 -0.086515 -0.071264 -8.589498 -7.280797 11.591277 1.248351
 4  1.099182  -0.066321 -0.086423 -0.071511 -8.468900 -7.129050 11.438352 1.251605
 5  1.102802  -0.065891 -0.086167 -0.071778 -8.308705 -6.927478 11.166785 1.245886
 6  1.102954  -0.065840 -0.086018 -0.071825 -8.247147 -6.921816 11.157059 1.245562
 7  1.102954  -0.065840 -0.086018 -0.071825 -8.247147 -6.921816 11.157059 1.245562
 8  1.103343  -0.065933 -0.086027 -0.071817 -8.254982 -6.908727 11.129372 1.248241
 9  1.103343  -0.065933 -0.086027 -0.071817 -8.254982 -6.908727 11.129372 1.248241
 10  1.103463  -0.065992 -0.086014 -0.071805 -8.339232 -6.906708 11.105353 1.247888
 11  1.103463  -0.065992 -0.086014 -0.071805 -8.339232 -6.906708 11.105353 1.247888
 12  1.103994  -0.066073 -0.085975 -0.071781 -8.344339 -6.919585 10.937248 1.246846
