 0  1.009214  -0.066074 -0.085973 -0.071789 -8.345209 -6.922074 10.938314 1.246948
 1  1.009739  -0.066142 -0.085896 -0.071957 -8.302882 -6.942578 10.946196 1.248635
 2  1.011834  -0.065986 -0.085761 -0.071061 -8.592041 -6.930711 10.641828 1.248307
 3  1.018980  -0.065988 -0.085643 -0.072112 -8.489102 -7.096759 10.109099 1.246118
 4  1.019220  -0.066118 -0.085612 -0.072306 -8.429420 -7.133691 10.062471 1.244727
 5  1.021725  -0.066384 -0.085521 -0.072282 -8.091590 -7.111376 10.201698 1.248878
 6  1.022460  -0.066707 -0.085487 -0.072229 -7.876655 -7.016618 10.401897 1.247933
 7  1.022776  -0.066577 -0.085490 -0.072170 -7.925360 -7.040758 10.319714 1.248618
 8  1.022836  -0.066609 -0.085513 -0.072224 -7.885264 -7.026067 10.340862 1.247366
 9  1.023726  -0.067064 -0.085676 -0.072555 -8.017782 -6.939711 10.252464 1.245017
 10  1.024012  -0.067134 -0.085689 -0.072620 -8.139086 -6.916988 10.240589 1.245926
 11  1.024012  -0.067134 -0.085689 -0.072620 -8.139086 -6.916988 10.240589 1.245926
 12  1.025018  -0.067206 -0.085707 -0.072688 -8.062422 -6.905055 10.038460 1.247625
