 0  0.531496  0.001571 -0.058690 -0.039192 -0.032816 -6.732557 7.745141 1.360636
 1  0.533891  0.001254 -0.059116 -0.040879 -0.168989 -7.007085 8.009395 1.372340
 2  0.592515  -0.004655 -0.038490 -0.052137 -1.475554 -9.378260 8.630921 1.330999
 3  0.634388  -0.007026 -0.030767 -0.076610 -5.528730 -10.742196 9.927155 1.316922
 4  0.734645  -0.008595 -0.037507 -0.083699 -6.951417 -11.155687 9.578197 1.207574
 5  0.919206  -0.017502 -0.076154 -0.088718 -6.889171 -10.921195 8.928650 1.209059
 6  0.948095  -0.021769 -0.080848 -0.085635 -6.581447 -11.376204 9.614440 1.239143
 7  0.982166  -0.029280 -0.082239 -0.080459 -6.586529 -10.869937 9.699569 1.209716
 8  1.010595  -0.032317 -0.082517 -0.078578 -6.781933 -11.015966 10.099114 1.240991
 9  1.029789  -0.037555 -0.083360 -0.075910 -7.241470 -10.866773 9.798562 1.218888
 10  1.040074  -0.039840 -0.083783 -0.074577 -7.635696 -10.822741 9.692874 1.236018
 11  1.043817  -0.041435 -0.084448 -0.073669 -7.531973 -10.538520 9.518371 1.227621
 12  1.065421  -0.053847 -0.086713 -0.066910 -8.191623 -11.579476 10.392897 1.243874
 13  1.076098  -0.054636 -0.086995 -0.066382 -8.261071 -11.547758 10.568300 1.228258
 14  1.076361  -0.054921 -0.086899 -0.066261 -8.334443 -11.572959 10.661529 1.225502
 15  1.084344  -0.055707 -0.086172 -0.065922 -8.476769 -11.610675 10.935219 1.238586
 16  1.113445  -0.060410 -0.082780 -0.061617 -9.459126 -10.966608 12.389557 1.238649
 17  1.113799  -0.061205 -0.082463 -0.061208 -9.632110 -10.762114 12.640944 1.238299
 18  1.134118  -0.067441 -0.086867 -0.067944 -8.974319 -8.343476 12.900388 1.260559
 19  1.143305  -0.067692 -0.087253 -0.068347 -9.001974 -8.217364 12.950865 1.247635
 20  1.143305  -0.067692 -0.087253 -0.068347 -9.001974 -8.217364 12.950865 1.247635
 21  1.144455  -0.067880 -0.087015 -0.068734 -9.041909 -8.078781 12.946095 1.244557
 22  1.144455  -0.067880 -0.087015 -0.068734 -9.041909 -8.078781 12.946095 1.244557
 23  1.144455  -0.067880 -0.087015 -0.068734 -9.041909 -8.078781 12.946095 1.244557
 24  1.144455  -0.067880 -0.087015 -0.068734 -9.041909 -8.078781 12.946095 1.244557
 25  1.144455  -0.067880 -0.087015 -0.068734 -9.041909 -8.078781 12.946095 1.244557
 26  1.145391  -0.068090 -0.087069 -0.068533 -8.667636 -8.164683 12.885995 1.245793
 27  1.146314  -0.068223 -0.087186 -0.068256 -8.566053 -7.730701 12.876032 1.245136
 28  1.151168  -0.068012 -0.086993 -0.068685 -8.575016 -7.811374 12.038700 1.247669
 29  1.151643  -0.068017 -0.086675 -0.069108 -8.531298 -7.787810 11.816449 1.245754
 30  1.153097  -0.068445 -0.085733 -0.069978 -8.500729 -7.579298 12.020304 1.241767
 31  1.153141  -0.068450 -0.085641 -0.070293 -8.392034 -7.552701 12.014978 1.243924
 32  1.153519  -0.068537 -0.085531 -0.070608 -8.420094 -7.607843 12.025539 1.245263
 33  1.153519  -0.068537 -0.085531 -0.070608 -8.420094 -7.607843 12.025539 1.245263
 34  1.153519  -0.068537 -0.085531 -0.070608 -8.420094 -7.607843 12.025539 1.245263
 35  1.153962  -0.068468 -0.085568 -0.070666 -8.575611 -7.595358 12.071191 1.246213
 36  1.153962  -0.068468 -0.085568 -0.070666 -8.575611 -7.595358 12.071191 1.246213
 37  1.154043  -0.068480 -0.085596 -0.070723 -8.588855 -7.579563 11.989172 1.245957
