 0  1.004190  0.053859 0.040376 -0.067435 1.700982 -2.372258 -0.326195 1.306832
 1  1.005452  0.053633 0.040814 -0.067673 1.726102 -2.287869 -0.339504 1.309762
 2  1.007871  0.053223 0.041162 -0.068003 1.796693 -2.090820 -0.399189 1.305585
 3  1.014316  0.052287 0.041632 -0.069091 2.059146 -1.646873 -0.713193 1.312321
 4  1.014932  0.051750 0.041764 -0.069407 2.178419 -1.492851 -0.881517 1.312991
 5  1.015680  0.051685 0.041659 -0.069305 2.157136 -1.502457 -0.885964 1.310630
 6  1.015808  0.051506 0.041544 -0.069183 2.147306 -1.508254 -0.882219 1.309638
 7  1.016281  0.051077 0.041185 -0.069201 2.188592 -1.597420 -0.771101 1.311240
 8  1.016312  0.051147 0.041242 -0.069230 2.276254 -1.576987 -0.783932 1.311296
 9  1.017675  0.050933 0.041082 -0.069097 2.208267 -2.060315 -0.929025 1.308905
 10  1.017675  0.050933 0.041082 -0.069097 2.208267 -2.060315 -0.929025 1.308905
 11  1.017675  0.050933 0.041082 -0.069097 2.208267 -2.060315 -0.929025 1.308905
 12  1.017675  0.050933 0.041082 -0.069097 2.208267 -2.060315 -0.929025 1.308905
 13  1.017675  0.050933 0.041082 -0.069097 2.208267 -2.060315 -0.929025 1.308905
 14  1.017675  0.050933 0.041082 -0.069097 2.208267 -2.060315 -0.929025 1.308905
 15  1.017675  0.050933 0.041082 -0.069097 2.208267 -2.060315 -0.929025 1.308905
 16  1.017675  0.050933 0.041082 -0.069097 2.208267 -2.060315 -0.929025 1.308905
