 0  0.512784  0.011932 -0.049628 -0.005418 -4.294418 -3.399902 0.232154 1.210378
 1  0.517383  0.013879 -0.051403 -0.004538 -4.597811 -3.656994 0.377640 1.238477
 2  0.647968  0.056725 -0.010946 0.034471 0.026647 -4.285485 10.437002 1.244150
 3  0.747106  0.059827 -0.006735 0.038832 0.131812 -4.410025 9.994598 1.334186
 4  0.749341  0.057816 -0.007861 0.037000 -0.132766 -3.866705 10.002351 1.330910
 5  0.824507  0.072750 0.004366 0.057973 -0.158179 -5.657663 4.192946 1.319857
 6  0.835749  0.074148 0.005895 0.058465 -0.249467 -5.824557 3.463248 1.302213
 7  0.840260  0.075077 0.006305 0.055218 -0.072884 -5.501478 3.574200 1.292933
 8  0.846929  0.075253 0.007128 0.052866 -0.360306 -5.127179 3.340776 1.315971
 9  0.858894  0.073804 0.011290 0.046635 -0.195602 -4.703271 3.014723 1.296938
 10  0.861542  0.073640 0.013286 0.045444 -0.253786 -4.922471 2.700143 1.309664
 11  0.861609  0.073504 0.012751 0.045787 -0.254115 -4.820793 2.651809 1.309505
 12  0.861984  0.073375 0.013168 0.045470 -0.265325 -4.930480 2.540507 1.307970
 13  0.863978  0.073351 0.013206 0.044012 -0.600677 -5.088670 2.838978 1.302595
 14  0.864440  0.073400 0.013436 0.043429 -0.728325 -5.127562 2.925968 1.300679
 15  0.864684  0.073125 0.014496 0.042617 -0.757371 -5.341160 3.214125 1.304518
 16  0.866415  0.073276 0.015616 0.040856 -1.110677 -5.498637 3.246951 1.316779
 17  0.873300  0.073500 0.017392 0.037330 -1.672553 -4.067485 4.049023 1.306939
 18  0.880395  0.074903 0.019530 0.033278 -2.032939 -2.683091 4.681972 1.324007
 19  0.889305  0.077401 0.023862 0.027454 -2.408210 -0.531250 5.368920 1.311735
 20  0.895828  0.078369 0.026580 0.025584 -2.504035 0.005566 5.454667 1.331072
 21  0.911167  0.079980 0.034065 0.021053 -2.351652 0.802039 5.167001 1.314205
 22  0.916088  0.079964 0.035460 0.019309 -2.430418 0.447400 5.128484 1.327411
 23  0.929131  0.081308 0.036207 0.005862 -1.044193 1.004856 5.131231 1.348264
 24  0.943653  0.081039 0.035680 0.003480 -0.868323 0.964398 5.116804 1.321084
 25  0.965803  0.076794 0.032788 -0.018505 -0.711876 2.928847 5.422503 1.298584
 26  0.991630  0.076797 0.031351 -0.020983 -0.691855 3.033956 5.325758 1.330334
 27  0.999881  0.075652 0.029237 -0.026838 -0.762608 2.744085 4.842035 1.343522
 28  1.017644  0.074121 0.029964 -0.029798 -0.795049 2.671730 4.831436 1.317789
 29  1.020827  0.073175 0.030482 -0.034157 -0.655077 2.378713 5.049897 1.306977
 30  1.027019  0.073052 0.030473 -0.036445 -0.759668 2.397734 5.085721 1.320582
 31  1.027613  0.073017 0.030677 -0.036804 -0.759781 2.383776 5.111054 1.321243
 32  1.027613  0.073017 0.030677 -0.036804 -0.759781 2.383776 5.111054 1.321243
 33  1.027613  0.073017 0.030677 -0.036804 -0.759781 2.383776 5.111054 1.321243
 34  1.027613  0.073017 0.030677 -0.036804 -0.759781 2.383776 5.111054 1.321243
 35  1.036441  0.072976 0.029573 -0.034955 1.056961 2.749408 4.905043 1.318871
 36  1.046729  0.072251 0.029903 -0.040152 -0.266166 2.916852 4.342443 1.318206
 37  1.047431  0.072155 0.030197 -0.040662 -0.267183 2.972777 4.324206 1.316082
 38  1.047431  0.072155 0.030197 -0.040662 -0.267183 2.972777 4.324206 1.316082
 39  1.047609  0.072182 0.030272 -0.040060 -0.253825 3.115100 4.194399 1.316224
 40  1.049927  0.071914 0.031823 -0.043273 -0.048933 2.881604 4.551116 1.320539
 41  1.051177  0.071453 0.030702 -0.041839 -0.092195 3.038423 4.233023 1.322454
 42  1.051866  0.071456 0.032093 -0.043106 -0.071381 3.054128 4.345029 1.317340
 43  1.065199  0.070111 0.034321 -0.046395 -0.189888 1.882170 3.579128 1.333161
 44  1.078578  0.069357 0.035240 -0.047514 -0.277503 1.658000 3.587565 1.313756
 45  1.082919  0.068498 0.037007 -0.051641 -0.389745 1.410583 3.315427 1.303937
 46  1.089200  0.068317 0.036968 -0.052487 -0.347977 1.405012 3.346942 1.318032
 47  1.089200  0.068317 0.036968 -0.052487 -0.347977 1.405012 3.346942 1.318032
 48  1.089569  0.068002 0.037294 -0.053054 -0.198611 1.383302 3.504762 1.313775
 49  1.093812  0.067432 0.037079 -0.055187 0.327400 0.739383 3.750761 1.323127
 50  1.103558  0.065589 0.038011 -0.058461 1.504149 -0.447999 3.860704 1.313163
 51  1.105274  0.064976 0.038159 -0.060004 2.033086 -1.034516 3.788425 1.313927
 52  1.105541  0.065020 0.037833 -0.060208 2.214274 -0.959711 3.731133 1.315166
 53  1.128229  0.064449 0.036231 -0.060572 1.822265 -0.316688 1.953596 1.322889
 54  1.130876  0.064001 0.035822 -0.060602 1.676990 -0.084254 1.399298 1.318837
 55  1.132252  0.063631 0.036014 -0.060404 1.651360 -0.066936 1.413928 1.312114
 56  1.135370  0.061260 0.036252 -0.059436 1.835808 -0.363303 1.523922 1.307310
 57  1.135467  0.061134 0.036187 -0.059401 1.845463 -0.357213 1.550170 1.309141
 58  1.136516  0.061052 0.036170 -0.059426 1.824480 -0.310355 1.438924 1.313140
 59  1.136879  0.060937 0.036128 -0.059395 1.821997 -0.316539 1.358247 1.314913
 60  1.136879  0.060937 0.036128 -0.059395 1.821997 -0.316539 1.358247 1.314913
 61  1.137196  0.060835 0.036146 -0.059393 1.663277 -0.308433 1.359945 1.314916
 62  1.141451  0.059966 0.036279 -0.059188 1.442287 -1.736568 1.528601 1.315025
 63  1.142041  0.059665 0.036505 -0.059182 1.417061 -1.944741 1.575100 1.310536
 64  1.144684  0.059363 0.036949 -0.059182 1.591126 -1.718046 1.085564 1.312036
 65  1.144704  0.059590 0.036832 -0.059125 1.546520 -1.785202 1.256226 1.311630
 66  1.145050  0.059512 0.036887 -0.059233 1.541657 -1.774963 1.245035 1.310586
 67  1.145050  0.059512 0.036887 -0.059233 1.541657 -1.774963 1.245035 1.310586
 68  1.145050  0.059512 0.036887 -0.059233 1.541657 -1.774963 1.245035 1.310586
 69  1.145050  0.059512 0.036887 -0.059233 1.541657 -1.774963 1.245035 1.310586
 70  1.145133  0.059360 0.036839 -0.059383 1.489259 -2.146077 1.273530 1.309620
 71  1.147243  0.059091 0.036839 -0.059518 1.494437 -2.187219 0.827093 1.308222
 72  1.147356  0.057851 0.036868 -0.060577 1.499882 -2.175306 0.727360 1.313539
 73  1.148585  0.057475 0.036953 -0.060630 1.521835 -2.218423 0.765840 1.308704
 74  1.148830  0.057515 0.036941 -0.060633 1.519237 -2.199632 0.778215 1.308938
 75  1.148830  0.057515 0.036941 -0.060633 1.519237 -2.199632 0.778215 1.308938
 76  1.148830  0.057515 0.036941 -0.060633 1.519237 -2.199632 0.778215 1.308938
 77  1.148830  0.057515 0.036941 -0.060633 1.519237 -2.199632 0.778215 1.308938
 78  1.148830  0.057515 0.036941 -0.060633 1.519237 -2.199632 0.778215 1.308938
 79  1.148830  0.057515 0.036941 -0.060633 1.519237 -2.199632 0.778215 1.308938
 80  1.148830  0.057515 0.036941 -0.060633 1.519237 -2.199632 0.778215 1.308938
