 0  0.788571  0.051100 0.040882 -0.069090 2.224217 -2.032656 -0.917602 1.311991
 1  0.793828  0.051910 0.040030 -0.068402 2.362659 -1.935071 -1.085042 1.308526
 2  0.797031  0.052551 0.039629 -0.068226 2.492681 -1.833428 -1.170269 1.311901
 3  0.798768  0.053184 0.040038 -0.068404 2.723007 -1.715113 -1.366765 1.312406
 4  0.800298  0.053033 0.040682 -0.068927 2.721699 -1.685634 -1.388992 1.309754
 5  0.802076  0.052969 0.040908 -0.069424 2.694930 -1.658645 -1.386233 1.312982
 6  0.802540  0.052861 0.041159 -0.069760 2.706718 -1.668384 -1.374444 1.310915
 7  0.804088  0.052517 0.041389 -0.070698 2.750381 -1.646430 -1.346124 1.312256
 8  0.804088  0.052517 0.041389 -0.070698 2.750381 -1.646430 -1.346124 1.312256
 9  0.804611  0.052465 0.041365 -0.070827 2.763925 -1.620604 -1.353004 1.311044
 10  0.804611  0.052465 0.041365 -0.070827 2.763925 -1.620604 -1.353004 1.311044
 11  0.804611  0.052465 0.041365 -0.070827 2.763925 -1.620604 -1.353004 1.311044
 12  0.804611  0.052465 0.041365 -0.070827 2.763925 -1.620604 -1.353004 1.311044
 13  0.805620  0.052411 0.041402 -0.070687 2.785755 -1.368157 -1.299335 1.310362
 14  0.806156  0.052447 0.041342 -0.070798 2.788587 -1.375913 -1.298517 1.311392
 15  0.806434  0.052396 0.041266 -0.070977 2.787974 -1.378702 -1.319477 1.312046
 16  0.806434  0.052396 0.041266 -0.070977 2.787974 -1.378702 -1.319477 1.312046
 17  0.806434  0.052396 0.041266 -0.070977 2.787974 -1.378702 -1.319477 1.312046
 18  0.806434  0.052396 0.041266 -0.070977 2.787974 -1.378702 -1.319477 1.312046
 19  0.807152  0.052347 0.041283 -0.070844 2.789452 -1.148753 -1.335659 1.312305
 20  0.807152  0.052347 0.041283 -0.070844 2.789452 -1.148753 -1.335659 1.312305
