 0  0.840166  -0.062308 -0.047005 -0.050547 -1.756629 -1.147176 10.364678 1.343212
 1  0.843375  -0.062631 -0.047172 -0.050885 -1.677945 -1.089820 10.343794 1.339084
 2  0.845739  -0.063035 -0.047293 -0.051362 -1.651878 -1.041401 10.349208 1.342746
 3  0.849347  -0.063775 -0.047213 -0.052137 -1.588260 -0.956355 10.270270 1.338263
 4  0.852970  -0.064155 -0.047198 -0.052430 -1.564163 -0.914823 10.229487 1.342576
 5  0.859629  -0.066412 -0.046539 -0.053772 -1.528438 -0.567459 10.142669 1.340458
 6  0.862502  -0.067189 -0.046591 -0.054031 -1.464463 -0.540473 9.996522 1.344900
 7  0.866843  -0.068504 -0.046725 -0.054200 -1.375991 -0.501683 9.769245 1.341626
 8  0.868639  -0.069940 -0.046667 -0.053916 -1.239247 -0.393946 9.577604 1.343194
 9  0.869015  -0.070136 -0.046541 -0.053737 -1.222713 -0.382665 9.637699 1.342490
 10  0.869098  -0.070211 -0.046514 -0.053598 -1.237533 -0.320376 9.687552 1.343447
 11  0.869098  -0.070211 -0.046514 -0.053598 -1.237533 -0.320376 9.687552 1.343447
 12  0.869098  -0.070211 -0.046514 -0.053598 -1.237533 -0.320376 9.687552 1.343447
 13  0.869244  -0.070211 -0.046518 -0.053595 -1.242270 -0.320726 9.686568 1.343393
 14  0.869244  -0.070211 -0.046518 -0.053595 -1.242270 -0.320726 9.686568 1.343393
 15  0.869244  -0.070211 -0.046518 -0.053595 -1.242270 -0.320726 9.686568 1.343393
