 0  1.086042  -0.054654 -0.045124 -0.051934 -2.334509 -0.952451 13.052513 1.350395
 1  1.094538  -0.054566 -0.045018 -0.050994 -2.286635 -0.942889 12.575890 1.340554
 2  1.100699  -0.054949 -0.044640 -0.049093 -2.298629 -0.942641 11.826318 1.344364
 3  1.101064  -0.055254 -0.044573 -0.048703 -2.286415 -0.932419 11.710143 1.342671
 4  1.101344  -0.055071 -0.044626 -0.048330 -2.142279 -1.054877 11.614029 1.342308
 5  1.101390  -0.055227 -0.044638 -0.048495 -2.194978 -1.024504 11.655275 1.342699
 6  1.102283  -0.056568 -0.044570 -0.049147 -2.215184 -1.018572 11.647708 1.340307
 7  1.102283  -0.056568 -0.044570 -0.049147 -2.215184 -1.018572 11.647708 1.340307
 8  1.103505  -0.056831 -0.044533 -0.049180 -2.277737 -1.475597 11.671887 1.341729
 9  1.103520  -0.056989 -0.044534 -0.049106 -2.300317 -1.513687 11.664632 1.342507
 10  1.103671  -0.057023 -0.044529 -0.049052 -2.300923 -1.536943 11.685852 1.341732
 11  1.103671  -0.057023 -0.044529 -0.049052 -2.300923 -1.536943 11.685852 1.341732
 12  1.103671  -0.057023 -0.044529 -0.049052 -2.300923 -1.536943 11.685852 1.341732
 13  1.103683  -0.056836 -0.044598 -0.049122 -2.057906 -1.471348 11.714405 1.341703
 14  1.103683  -0.056836 -0.044598 -0.049122 -2.057906 -1.471348 11.714405 1.341703
 15  1.103683  -0.056876 -0.044594 -0.049098 -2.064103 -1.477564 11.637520 1.341859
