 0  1.028349  -0.057571 -0.045991 -0.049561 -2.005158 -1.373364 11.360128 1.347185
 1  1.032042  -0.057962 -0.046313 -0.049689 -1.967664 -1.302451 11.284084 1.340990
 2  1.040060  -0.060172 -0.047287 -0.050390 -1.777893 -1.103619 10.614851 1.343549
 3  1.041149  -0.060553 -0.047284 -0.050398 -1.742587 -1.081931 10.529100 1.342340
 4  1.041834  -0.061193 -0.046793 -0.050100 -1.775340 -1.084875 10.562578 1.339124
 5  1.042653  -0.061304 -0.046681 -0.050024 -1.796964 -1.099053 10.524087 1.342136
 6  1.042653  -0.061304 -0.046681 -0.050024 -1.796964 -1.099053 10.524087 1.342136
 7  1.042823  -0.061747 -0.046622 -0.050093 -1.750853 -1.094065 10.445282 1.343496
 8  1.042823  -0.061747 -0.046622 -0.050093 -1.750853 -1.094065 10.445282 1.343496
 9  1.042823  -0.061747 -0.046622 -0.050093 -1.750853 -1.094065 10.445282 1.343496
 10  1.042823  -0.061747 -0.046622 -0.050093 -1.750853 -1.094065 10.445282 1.343496
