 0  0.557602  0.021887 0.010880 -0.016058 -1.783698 -3.903700 2.043112 1.315622
 1  0.610467  0.024084 0.020783 -0.034462 -2.002644 -6.044521 5.828604 1.388863
 2  0.658072  0.021368 0.019241 -0.046848 -1.746848 -7.227723 6.491349 1.298567
 3  0.798539  0.000685 -0.023606 -0.082879 -0.472960 -6.660937 7.904937 1.280141
 4  0.902210  -0.017477 -0.047481 -0.078950 0.742123 -4.691826 9.679563 1.340940
 5  0.980180  -0.027126 -0.047314 -0.070571 0.927766 -4.698055 11.025071 1.303870
 6  1.007511  -0.028572 -0.046354 -0.068243 0.918327 -4.946381 11.206472 1.331447
 7  1.076965  -0.043657 -0.043438 -0.049330 -0.166535 -5.853410 13.606060 1.345946
 8  1.095777  -0.049661 -0.045265 -0.046767 -0.566179 -5.147028 14.242901 1.331711
 9  1.107590  -0.050314 -0.046114 -0.047785 -0.749221 -4.862803 14.323180 1.350220
 10  1.115177  -0.050539 -0.046886 -0.049208 -1.094576 -4.474949 14.874948 1.342461
 11  1.116473  -0.050892 -0.046161 -0.047617 -1.149642 -4.588881 14.331648 1.335799
 12  1.118228  -0.050815 -0.046213 -0.047976 -1.148452 -4.644238 14.334562 1.341089
 13  1.118920  -0.050775 -0.046279 -0.048128 -1.138295 -4.635585 14.326643 1.342721
 14  1.119647  -0.050992 -0.046755 -0.048900 -1.268897 -4.713710 14.275051 1.345819
 15  1.119647  -0.050992 -0.046755 -0.048900 -1.268897 -4.713710 14.275051 1.345819
 16  1.119999  -0.050992 -0.046727 -0.048847 -1.237725 -4.621231 14.320369 1.348259
 17  1.126310  -0.051184 -0.046775 -0.049399 -2.190244 -4.835599 14.062839 1.337642
 18  1.126310  -0.051184 -0.046775 -0.049399 -2.190244 -4.835599 14.062839 1.337642
 19  1.127267  -0.051253 -0.046806 -0.049440 -2.217034 -4.827045 14.047583 1.341596
 20  1.128036  -0.051252 -0.046905 -0.049629 -2.280613 -4.756788 13.975129 1.345002
 21  1.128401  -0.051287 -0.046892 -0.049128 -2.157572 -4.663336 14.136261 1.344625
 22  1.128649  -0.051284 -0.046899 -0.049205 -2.264989 -4.692225 14.107564 1.343962
 23  1.131337  -0.051290 -0.046991 -0.048987 -1.968206 -4.144454 14.193968 1.351378
 24  1.134621  -0.051238 -0.046779 -0.049228 -2.037538 -4.216834 14.134713 1.344085
 25  1.135872  -0.051170 -0.046629 -0.049707 -1.870082 -3.959768 14.049811 1.337213
 26  1.148646  -0.051442 -0.045627 -0.052339 -1.522712 -1.362971 13.117034 1.351603
 27  1.149418  -0.051709 -0.045468 -0.052759 -1.468325 -1.010334 13.017022 1.350056
 28  1.151214  -0.051840 -0.045445 -0.052609 -1.510543 -1.290866 12.969718 1.344478
 29  1.151419  -0.051862 -0.045443 -0.052590 -1.513481 -1.309739 12.964865 1.344209
 30  1.151419  -0.051862 -0.045443 -0.052590 -1.513481 -1.309739 12.964865 1.344209
 31  1.152402  -0.052706 -0.045391 -0.052976 -1.551804 -0.831319 13.046209 1.347284
 32  1.152402  -0.052761 -0.045376 -0.053000 -1.555457 -0.840554 13.031435 1.347343
 33  1.154057  -0.053179 -0.045287 -0.053052 -2.195055 -1.027259 13.048616 1.346198
 34  1.154382  -0.054625 -0.045167 -0.052408 -2.395249 -1.163157 12.860182 1.344217
 35  1.154382  -0.054625 -0.045167 -0.052408 -2.395249 -1.163157 12.860182 1.344217
 36  1.154382  -0.054625 -0.045167 -0.052408 -2.395249 -1.163157 12.860182 1.344217
 37  1.154444  -0.054796 -0.045252 -0.052452 -2.418077 -1.158591 12.826096 1.343139
 38  1.154444  -0.054796 -0.045252 -0.052452 -2.418077 -1.158591 12.826096 1.343139
 39  1.154444  -0.054796 -0.045252 -0.052452 -2.418077 -1.158591 12.826096 1.343139
 40  1.154921  -0.054699 -0.045099 -0.052524 -2.372530 -1.004199 13.168142 1.345828
