0.456507 0.654939 1.404170 0.694901 0.703153 4.468390 0.004164
0.367512 1.012215 1.746415 1.117310 0.425860 4.479628 0.005206
9.028283 14.067793 17.467638 112.935623 39.036156 21.969505 3.321926
0.532330 0.653928 1.299342 0.951401 0.389391 4.393387 0.003287
0.437050 1.157044 2.348620 1.278349 0.427793 4.981964 0.005075
0.651446 0.422965 0.331006 0.547009 0.893996 3.753795 0.003341
0.460075 0.701667 0.588696 1.391468 0.664796 3.975808 0.006556
0.658520 0.549645 0.810373 0.846124 0.687569 4.149172 0.003278
0.533177 0.017503 0.514738 0.651877 1.119345 3.646406 0.004456
19.202751 16.247448 0.036162 11.949471 6.565248 1.695504 0.036068
0.557668 0.761398 1.355297 0.730531 0.442740 4.345010 0.004022
0.675275 0.896834 0.963329 0.556290 0.397626 4.423203 0.003599
0.469606 0.784422 1.666925 0.633942 0.837009 4.549724 0.003141
0.472852 0.940640 0.377762 1.323174 0.148483 3.632370 0.008471
0.535447 0.817558 0.158852 1.536362 0.102920 3.399780 0.008540
0.440840 0.562440 0.461035 0.595461 0.679372 3.635903 0.004044
0.637064 0.525557 0.104289 0.854574 0.146461 3.439672 0.006322
0.510866 0.556680 0.441616 1.283540 0.154767 3.694399 0.005629
1.022011 0.499194 0.046220 0.004422 2.239799 4.240345 0.004640
0.712700 0.767993 1.253504 0.864188 0.272606 4.017459 0.003756
4.776708 4.854740 4.039967 25.410360 8.881403 6.272224 0.742865
