 0  0.448335  -0.000776 0.000280 -0.001084 0.098488 -0.067531 -0.073938 1.017559
 1  0.449629  0.000720 -0.000232 0.000971 -0.101734 0.109820 0.045077 1.014697
 2  0.628544  -0.029293 0.010489 -0.040011 -0.044625 2.009669 3.545837 1.211386
 3  0.670516  -0.033055 0.017349 -0.044986 -0.450083 2.869046 3.970213 1.154211
 4  0.676753  -0.034641 0.018614 -0.047522 -0.830984 3.274641 4.103873 1.133015
 5  0.719703  -0.034571 0.010718 -0.048499 -1.409427 3.567572 3.993348 1.161665
 6  0.750623  -0.035392 0.006537 -0.047484 -1.642398 4.251952 4.377363 1.120993
 7  0.890175  -0.039327 -0.014066 -0.049584 -4.189530 5.936559 6.225162 1.152766
 8  0.909268  -0.041154 -0.020162 -0.049742 -5.302705 6.632279 7.026295 1.143110
 9  0.954962  -0.039491 -0.004093 -0.047307 -6.229416 5.157461 6.975883 1.128569
 10  0.973694  -0.038969 -0.003164 -0.046728 -6.226289 5.112952 7.079222 1.148445
 11  0.975912  -0.038190 -0.002002 -0.045051 -6.193373 5.016327 7.190551 1.156662
 12  0.981000  -0.037974 -0.001722 -0.044429 -6.200700 4.992180 7.147908 1.148435
 13  0.982994  -0.037033 -0.001060 -0.043000 -6.377783 4.970085 7.132883 1.143846
 14  0.983919  -0.036888 -0.001057 -0.042692 -6.374692 4.945026 7.110681 1.147135
 15  0.991447  -0.037853 -0.000281 -0.037098 -6.945051 4.460054 7.469550 1.159729
 16  0.999471  -0.037716 -0.000110 -0.036023 -7.084827 4.425807 7.517016 1.145906
 17  1.000390  -0.038075 -0.000115 -0.036311 -7.015368 4.366356 7.567524 1.150129
 18  1.000451  -0.038065 -0.000121 -0.036285 -7.019503 4.372702 7.562357 1.149640
 19  1.000451  -0.038065 -0.000121 -0.036285 -7.019503 4.372702 7.562357 1.149640
 20  1.001278  -0.037619 -0.000161 -0.036227 -7.037282 4.440834 7.598445 1.146088
 21  1.001436  -0.037444 -0.000184 -0.036207 -7.306359 4.471417 7.602191 1.146500
 22  1.004411  -0.036497 -0.000222 -0.035897 -7.643974 2.920883 7.760734 1.149659
 23  1.008535  -0.034186 0.000109 -0.034957 -7.499338 2.694600 7.747742 1.139368
 24  1.017483  -0.030056 0.000392 -0.035090 -7.366883 2.346358 7.879561 1.152064
 25  1.022139  -0.029109 0.000580 -0.035080 -7.289837 2.325071 7.895904 1.140369
 26  1.049674  -0.009493 0.002807 -0.034191 -6.770417 1.551142 8.419000 1.153348
 27  1.063550  -0.007673 0.003575 -0.034637 -6.754934 1.510235 8.541019 1.138388
 28  1.101654  0.004611 0.008928 -0.040533 -8.046197 1.231938 9.619425 1.140087
 29  1.110775  0.011485 0.010507 -0.042284 -8.746315 1.006792 10.500964 1.134951
 30  1.116239  0.011848 0.008632 -0.041170 -8.699565 0.689923 10.320694 1.141324
 31  1.125017  0.011324 0.006408 -0.039494 -8.567881 0.441484 10.393605 1.129327
 32  1.138317  0.011355 0.004702 -0.038003 -8.587794 0.562487 10.989822 1.146747
 33  1.151841  0.011243 0.003221 -0.037106 -8.455432 0.717905 11.368237 1.134344
 34  1.176414  0.012313 0.000243 -0.034882 -7.349539 0.719338 13.029252 1.141746
 35  1.176812  0.012523 0.000088 -0.034718 -7.262335 0.718706 13.172739 1.143844
 36  1.176812  0.012523 0.000088 -0.034718 -7.262335 0.718706 13.172739 1.143844
 37  1.176812  0.012523 0.000088 -0.034718 -7.262335 0.718706 13.172739 1.143844
 38  1.176812  0.012523 0.000088 -0.034718 -7.262335 0.718706 13.172739 1.143844
 39  1.176881  0.012585 0.000155 -0.034757 -7.408909 0.718619 13.170447 1.143536
 40  1.178091  0.012879 0.000430 -0.034987 -7.471771 -0.019972 13.177649 1.142513
 41  1.180100  0.014070 0.001331 -0.036231 -7.440015 0.165604 12.987249 1.138671
 42  1.181756  0.014573 0.001750 -0.036569 -7.397634 0.116720 12.829365 1.142290
 43  1.181756  0.014573 0.001750 -0.036569 -7.397634 0.116720 12.829365 1.142290
 44  1.181756  0.014573 0.001750 -0.036569 -7.397634 0.116720 12.829365 1.142290
 45  1.181756  0.014573 0.001750 -0.036569 -7.397634 0.116720 12.829365 1.142290
 46  1.181756  0.014573 0.001750 -0.036569 -7.397634 0.116720 12.829365 1.142290
 47  1.181756  0.014573 0.001750 -0.036569 -7.397634 0.116720 12.829365 1.142290
 48  1.181756  0.014573 0.001750 -0.036569 -7.397634 0.116720 12.829365 1.142290
 49  1.181756  0.014573 0.001750 -0.036569 -7.397634 0.116720 12.829365 1.142290
