 0  1.039248  0.021781 0.002001 -0.036415 -6.953140 -0.611369 12.176974 1.135954
 1  1.041701  0.022082 0.001996 -0.036405 -6.916501 -0.642006 12.141790 1.139677
 2  1.048188  0.023790 0.002139 -0.036588 -6.758096 -0.799990 11.850401 1.136846
 3  1.048223  0.023821 0.002160 -0.036594 -6.754408 -0.803740 11.846252 1.136885
 4  1.048888  0.023745 0.002423 -0.036669 -6.763250 -0.816774 11.800790 1.138418
 5  1.050161  0.023113 0.002691 -0.037794 -6.647917 -0.804337 11.621210 1.136650
 6  1.051073  0.022545 0.003232 -0.038569 -6.553194 -0.712717 11.460764 1.139422
 7  1.051396  0.022192 0.003746 -0.038516 -6.518615 -0.648786 11.480627 1.139295
 8  1.051522  0.022083 0.003908 -0.038164 -6.551421 -0.652385 11.499106 1.137591
 9  1.051522  0.022083 0.003908 -0.038164 -6.551421 -0.652385 11.499106 1.137591
 10  1.051522  0.022083 0.003908 -0.038164 -6.551421 -0.652385 11.499106 1.137591
 11  1.051522  0.022083 0.003908 -0.038164 -6.551421 -0.652385 11.499106 1.137591
 12  1.051522  0.022083 0.003908 -0.038164 -6.551421 -0.652385 11.499106 1.137591
