 0  0.837056  0.022503 0.003245 -0.038618 -6.521334 -0.639449 11.498342 1.135173
 1  0.838875  0.022689 0.003111 -0.038779 -6.525913 -0.643345 11.488666 1.137560
 2  0.841019  0.023225 0.002801 -0.039348 -6.515176 -0.563786 11.479521 1.135498
 3  0.842593  0.023376 0.002774 -0.039504 -6.503900 -0.554266 11.468112 1.137781
 4  0.844373  0.023828 0.002808 -0.040030 -6.501998 -0.545518 11.429613 1.136731
 5  0.844513  0.023899 0.002851 -0.040113 -6.481022 -0.542226 11.442120 1.137404
 6  0.844963  0.023880 0.003066 -0.040411 -6.453594 -0.536729 11.444623 1.136774
 7  0.844963  0.023880 0.003066 -0.040411 -6.453594 -0.536729 11.444623 1.136774
 8  0.844963  0.023880 0.003066 -0.040411 -6.453594 -0.536729 11.444623 1.136774
 9  0.845505  0.023828 0.003065 -0.040389 -6.348896 -0.551749 11.420751 1.136201
 10  0.845505  0.023828 0.003065 -0.040389 -6.348896 -0.551749 11.420751 1.136201
 11  0.846896  0.023883 0.003118 -0.040442 -6.357802 -0.579836 11.227420 1.137986
 12  0.846896  0.023883 0.003118 -0.040442 -6.357802 -0.579836 11.227420 1.137986
 13  0.847081  0.023852 0.003223 -0.040496 -6.361416 -0.578227 11.217308 1.137013
 14  0.847661  0.023879 0.003412 -0.041027 -6.343304 -0.515216 11.218428 1.136286
 15  0.848352  0.023901 0.003539 -0.041251 -6.322871 -0.488935 11.225360 1.137846
 16  0.848352  0.023901 0.003539 -0.041251 -6.322871 -0.488935 11.225360 1.137846
 17  0.849011  0.023877 0.003394 -0.041312 -6.246892 -0.220318 11.248863 1.137626
 18  0.849140  0.023877 0.003473 -0.041289 -6.262932 -0.250944 11.114710 1.138470
