 0  1.124212  0.018857 0.001009 -0.035873 -7.055812 0.226290 12.344581 1.145283
 1  1.126536  0.019175 0.001181 -0.035832 -7.060443 0.216601 12.296067 1.141234
 2  1.127322  0.019648 0.001776 -0.035771 -7.041845 0.256867 12.262889 1.141844
 3  1.127387  0.019652 0.001800 -0.035776 -7.043994 0.252499 12.264444 1.141654
 4  1.127387  0.019652 0.001800 -0.035776 -7.043994 0.252499 12.264444 1.141654
 5  1.127387  0.019652 0.001800 -0.035776 -7.043994 0.252499 12.264444 1.141654
 6  1.127387  0.019652 0.001800 -0.035776 -7.043994 0.252499 12.264444 1.141654
 7  1.129151  0.019789 0.002049 -0.035894 -7.132157 -0.292796 12.282317 1.138528
 8  1.130055  0.020032 0.002254 -0.035993 -7.182717 -0.496445 12.321160 1.140514
 9  1.130112  0.020035 0.002268 -0.036008 -7.183936 -0.503838 12.319506 1.140556
 10  1.130112  0.020035 0.002268 -0.036008 -7.183936 -0.503838 12.319506 1.140556
 11  1.130967  0.020936 0.002293 -0.036401 -7.036252 -0.601531 12.362802 1.138472
 12  1.130967  0.020936 0.002293 -0.036401 -7.036252 -0.601531 12.362802 1.138472
 13  1.131071  0.020974 0.002301 -0.036409 -7.045628 -0.671368 12.366448 1.138887
 14  1.131136  0.021034 0.002313 -0.036422 -7.047602 -0.683021 12.270685 1.139038
