 0  0.969720  0.015902 0.047341 0.081853 5.975659 4.180655 2.590856 1.039368
 1  0.970424  0.015950 0.047377 0.081800 5.968129 4.178739 2.591779 1.038267
 2  0.970458  0.015929 0.047419 0.081737 5.957191 4.183005 2.590114 1.037496
 3  0.971045  0.015976 0.047488 0.081489 5.958023 4.207718 2.556769 1.035712
 4  0.973650  0.016355 0.047763 0.080926 5.930988 4.241133 2.482398 1.039478
 5  0.976745  0.016750 0.047884 0.080419 5.947822 4.277759 2.395174 1.036123
 6  0.989550  0.019616 0.049014 0.078012 6.257725 4.568775 1.904382 1.039015
 7  0.990617  0.020082 0.049120 0.077585 6.319543 4.636221 1.811381 1.037904
 8  0.990836  0.020194 0.048934 0.077501 6.362303 4.665532 1.801334 1.037194
 9  0.991084  0.020103 0.048755 0.077713 6.384671 4.654948 1.810243 1.037871
 10  0.991480  0.019962 0.048670 0.077810 6.388304 4.699544 1.847565 1.036902
 11  0.991484  0.019952 0.048662 0.077808 6.391143 4.701469 1.849824 1.037016
 12  0.991706  0.019934 0.048647 0.077814 6.375181 4.705417 1.854577 1.037298
 13  0.991706  0.019934 0.048647 0.077814 6.375181 4.705417 1.854577 1.037298
 14  0.991706  0.019934 0.048647 0.077814 6.375181 4.705417 1.854577 1.037298
