 0  0.754647  0.020078 0.048593 0.077832 6.373481 4.711993 1.839255 1.039664
 1  0.777972  0.023759 0.046321 0.077400 6.452561 5.106419 1.481670 1.040083
 2  0.781227  0.025376 0.046327 0.077038 6.529083 5.321039 1.323256 1.039791
 3  0.786582  0.024948 0.048138 0.076814 6.543812 5.303297 1.346520 1.041071
 4  0.788815  0.024844 0.048292 0.076664 6.549163 5.305014 1.345822 1.038304
 5  0.791292  0.024002 0.049707 0.075530 6.586355 5.379488 1.329237 1.037549
 6  0.792019  0.023976 0.049733 0.075500 6.590504 5.382129 1.331896 1.038256
 7  0.792342  0.023953 0.049710 0.075485 6.592328 5.385592 1.333554 1.038970
 8  0.792620  0.023952 0.049691 0.075473 6.593284 5.387425 1.335315 1.038760
 9  0.792662  0.023952 0.049676 0.075465 6.593495 5.388399 1.335270 1.038690
 10  0.793214  0.023954 0.049737 0.075481 6.695306 5.389750 1.331821 1.038548
 11  0.796584  0.023979 0.049939 0.075563 6.747211 5.749360 1.328501 1.037764
 12  0.797287  0.023961 0.049865 0.075543 6.749094 5.738093 1.324570 1.038893
 13  0.798113  0.023767 0.049355 0.075339 6.739501 5.734336 1.323530 1.040128
 14  0.798453  0.023747 0.049303 0.075309 6.739342 5.734117 1.329763 1.039363
 15  0.798818  0.023539 0.048812 0.075181 6.768756 5.754640 1.355901 1.039451
 16  0.798819  0.023535 0.048805 0.075185 6.769828 5.754586 1.356417 1.039585
 17  0.798882  0.023538 0.048807 0.075184 6.769526 5.755102 1.356099 1.039484
 18  0.798882  0.023538 0.048807 0.075184 6.769526 5.755102 1.356099 1.039484
 19  0.798903  0.023540 0.048802 0.075181 6.770074 5.766558 1.353670 1.039389
 20  0.798903  0.023540 0.048802 0.075181 6.770074 5.766558 1.353670 1.039389
