 0  0.391553  -0.002974 0.003991 0.002018 0.317424 -0.029261 0.098879 0.956735
 1  0.728532  -0.039184 0.067091 0.022231 3.139680 -4.178495 1.240666 1.068397
 2  0.780406  -0.040639 0.072714 0.030297 3.795966 -5.310505 1.466724 1.035454
 3  0.805089  -0.038583 0.070312 0.035958 3.992870 -5.159666 1.379923 1.056568
 4  0.822846  -0.037525 0.068886 0.037216 3.938993 -4.929596 1.142093 1.036021
 5  0.864184  -0.028766 0.056559 0.052207 4.455955 -4.582327 0.560246 1.044127
 6  0.882544  -0.022983 0.055926 0.056901 4.796191 -4.474561 0.666751 1.025968
 7  0.896500  -0.021762 0.056880 0.057041 4.896410 -4.411642 0.749532 1.040172
 8  0.923747  -0.018293 0.060981 0.055892 5.200206 -3.659089 1.506754 1.024813
 9  0.942405  -0.016792 0.061633 0.055671 5.326771 -3.531293 1.620291 1.039961
 10  0.954986  -0.010311 0.060565 0.054195 6.047563 -3.411627 2.058275 1.049339
 11  0.964470  -0.009880 0.060167 0.054094 6.084403 -3.475207 2.172380 1.038470
 12  0.965323  -0.009617 0.059800 0.054086 6.113530 -3.437143 2.238592 1.034710
 13  0.997114  -0.010309 0.050201 0.057637 7.353285 -2.339217 2.526663 1.042812
 14  1.000513  -0.010053 0.048812 0.058163 7.593874 -2.000635 2.664240 1.037321
 15  1.040608  0.004173 0.059340 0.060504 7.325043 -0.110910 1.956630 1.045874
 16  1.052990  0.005764 0.059208 0.060782 7.279962 0.041077 1.837332 1.034659
 17  1.063177  0.007962 0.052711 0.063436 7.087163 -0.136977 2.133124 1.033021
 18  1.064819  0.008293 0.052427 0.064040 7.067058 -0.123001 2.143380 1.036158
 19  1.071493  0.009916 0.053877 0.066157 6.570495 0.486404 2.463370 1.045708
 20  1.084487  0.010455 0.053927 0.066960 6.351645 0.774816 2.626594 1.032759
 21  1.084767  0.010629 0.053882 0.067302 6.305372 0.812522 2.653835 1.031475
 22  1.088875  0.010516 0.053522 0.068519 6.203285 0.939126 2.584216 1.038607
 23  1.093867  0.010691 0.052840 0.070025 6.291720 1.115109 2.502409 1.032273
 24  1.095625  0.010824 0.052721 0.070647 6.251225 1.153041 2.442595 1.036151
 25  1.102665  0.011188 0.051952 0.073684 6.130043 1.902046 2.079681 1.028641
 26  1.106334  0.011311 0.052018 0.074303 6.100382 1.926557 2.016274 1.034541
 27  1.119162  0.011808 0.053938 0.079145 5.734596 2.619222 2.593893 1.036007
 28  1.120377  0.012011 0.053900 0.080254 5.610007 2.800809 2.789242 1.032515
 29  1.127272  0.012455 0.049685 0.079145 5.494766 2.897182 3.358432 1.032889
 30  1.128616  0.012600 0.049295 0.079300 5.561398 2.955023 3.542489 1.037842
 31  1.128616  0.012600 0.049295 0.079300 5.561398 2.955023 3.542489 1.037842
 32  1.129309  0.012522 0.048655 0.079354 5.567031 3.318749 3.477898 1.040782
 33  1.130931  0.012507 0.048352 0.079326 5.606390 3.438972 3.492626 1.037409
 34  1.130931  0.012507 0.048352 0.079326 5.606390 3.438972 3.492626 1.037409
 35  1.130931  0.012507 0.048352 0.079326 5.606390 3.438972 3.492626 1.037409
 36  1.130931  0.012507 0.048352 0.079326 5.606390 3.438972 3.492626 1.037409
 37  1.130931  0.012507 0.048352 0.079326 5.606390 3.438972 3.492626 1.037409
 38  1.130931  0.012507 0.048352 0.079326 5.606390 3.438972 3.492626 1.037409
 39  1.130931  0.012507 0.048352 0.079326 5.606390 3.438972 3.492626 1.037409
 40  1.130931  0.012507 0.048352 0.079326 5.606390 3.438972 3.492626 1.037409
