 0  1.060449  0.013799 0.047774 0.080654 5.860083 3.537284 3.227753 1.041720
 1  1.064198  0.014022 0.047581 0.080770 5.896117 3.579474 3.219456 1.037098
 2  1.064995  0.014287 0.047409 0.080955 5.927251 3.608512 3.155548 1.035258
 3  1.068287  0.014542 0.047125 0.081502 5.974645 3.707575 3.019657 1.039154
 4  1.071415  0.015173 0.046673 0.082370 6.083088 3.930766 2.771828 1.038174
 5  1.071692  0.015392 0.046680 0.082442 6.127399 4.008237 2.672821 1.035696
 6  1.072457  0.015382 0.046808 0.082315 6.130387 4.062927 2.599589 1.037611
 7  1.072457  0.015382 0.046808 0.082315 6.130387 4.062927 2.599589 1.037611
 8  1.072457  0.015382 0.046808 0.082315 6.130387 4.062927 2.599589 1.037611
 9  1.073074  0.015293 0.046910 0.082157 5.913074 4.042558 2.608428 1.037729
 10  1.073200  0.015316 0.046845 0.082217 5.934089 4.177345 2.595924 1.037481
 11  1.073200  0.015316 0.046845 0.082217 5.934089 4.177345 2.595924 1.037481
