 0  0.414551  -0.000722 0.000145 -0.000842 0.077084 -0.183000 -0.089181 0.989938
 1  0.492730  -0.038532 -0.003038 -0.037036 -0.388955 -4.985993 1.399923 1.062303
 2  0.585635  -0.041684 -0.003155 -0.039722 -0.236449 -5.043756 1.354817 0.994282
 3  0.587636  -0.043204 -0.002627 -0.040287 -0.182268 -5.097044 1.350125 0.984048
 4  0.683215  -0.052527 0.003151 -0.041284 -0.743824 -5.062032 3.234975 1.039519
 5  0.753955  -0.055594 0.005134 -0.041899 -0.672891 -5.131419 3.560393 0.996555
 6  0.807730  -0.069453 0.019886 -0.044011 -0.342391 -4.974572 4.249103 0.983442
 7  0.858911  -0.072608 0.020876 -0.043838 -0.240668 -4.871207 4.429405 1.018860
 8  0.870504  -0.077277 0.018994 -0.044483 -0.231364 -4.749971 4.764447 1.033331
 9  0.893358  -0.078238 0.018067 -0.045077 -0.176049 -4.690372 4.871052 1.013945
 10  0.959199  -0.091511 0.003160 -0.052949 0.262111 -4.320862 6.276551 1.004777
 11  0.992552  -0.092659 0.002765 -0.053585 0.250378 -4.320547 6.372145 1.026529
 12  0.994611  -0.093554 0.003251 -0.053950 0.260531 -4.221465 6.556580 1.033439
 13  1.010488  -0.094451 0.004401 -0.054532 0.391964 -4.544244 6.819683 1.018734
 14  1.026026  -0.095463 0.005600 -0.055572 0.513864 -4.847578 7.072188 1.033581
 15  1.046560  -0.098415 0.008383 -0.058906 1.265457 -5.537990 7.328302 1.022287
 16  1.061948  -0.102051 0.010625 -0.064657 2.368407 -6.447576 7.811423 1.027775
 17  1.067922  -0.101089 0.008180 -0.065092 2.271849 -6.323469 7.886792 1.037256
 18  1.075543  -0.100461 0.006814 -0.065358 2.339863 -6.341296 8.022139 1.027444
 19  1.089935  -0.095291 0.000924 -0.066020 1.882930 -6.819000 8.051521 1.030717
 20  1.090404  -0.094673 0.000835 -0.066174 1.855548 -6.819880 8.036603 1.028224
 21  1.092550  -0.094385 0.001749 -0.066365 1.809823 -6.906272 8.091654 1.023638
 22  1.101075  -0.092460 0.004540 -0.067483 1.763674 -7.034415 8.344273 1.034187
 23  1.111303  -0.091048 0.005285 -0.068102 1.844819 -7.494669 8.398446 1.024260
 24  1.123656  -0.087591 0.004509 -0.069654 1.998628 -8.385587 8.643154 1.034279
 25  1.132246  -0.086527 0.004282 -0.070307 2.018332 -8.539895 8.795027 1.024724
 26  1.142738  -0.080364 0.002694 -0.074420 1.926923 -9.054658 9.313172 1.029957
 27  1.145340  -0.079144 0.002619 -0.074850 1.893330 -9.124803 9.415670 1.024907
 28  1.147571  -0.077557 0.003204 -0.073332 1.955840 -9.489994 9.289632 1.021056
 29  1.148706  -0.077454 0.003213 -0.073022 1.984115 -9.524384 9.248416 1.025160
 30  1.152962  -0.077937 0.003557 -0.070504 1.975395 -9.601067 9.649561 1.029450
 31  1.154836  -0.077822 0.003544 -0.070089 1.949374 -9.643928 9.645687 1.025226
 32  1.155077  -0.077556 0.003427 -0.069814 2.004694 -9.601897 9.670715 1.024566
 33  1.155077  -0.077556 0.003427 -0.069814 2.004694 -9.601897 9.670715 1.024566
 34  1.155117  -0.077521 0.003389 -0.069772 2.017611 -9.592502 9.656013 1.025684
 35  1.155117  -0.077521 0.003389 -0.069772 2.017611 -9.592502 9.656013 1.025684
 36  1.155251  -0.077410 0.003381 -0.069749 1.871536 -9.559751 9.670841 1.026221
 37  1.156303  -0.077179 0.003383 -0.069673 1.815885 -9.917411 9.663183 1.025624
 38  1.156494  -0.077323 0.003436 -0.069691 1.819375 -9.867857 9.892227 1.026049
