 0  0.760326  -0.070995 0.003932 -0.073581 2.551580 -9.346865 8.653170 1.026057
 1  0.761244  -0.071044 0.003751 -0.073504 2.579143 -9.353263 8.647371 1.024530
 2  0.762177  -0.071188 0.003389 -0.073390 2.592462 -9.367271 8.602804 1.025865
 3  0.762726  -0.071254 0.003282 -0.073318 2.584857 -9.346270 8.575156 1.024489
 4  0.763333  -0.071491 0.002953 -0.073251 2.540572 -9.298052 8.506042 1.025891
 5  0.764097  -0.071685 0.002688 -0.073227 2.539863 -9.249969 8.438355 1.024096
 6  0.764097  -0.071685 0.002688 -0.073227 2.539863 -9.249969 8.438355 1.024096
 7  0.764259  -0.071736 0.002727 -0.073307 2.540423 -9.270064 8.438614 1.025007
 8  0.764614  -0.071838 0.002669 -0.073499 2.540458 -9.281397 8.380758 1.024224
 9  0.764614  -0.071838 0.002669 -0.073499 2.540458 -9.281397 8.380758 1.024224
 10  0.764614  -0.071838 0.002669 -0.073499 2.540458 -9.281397 8.380758 1.024224
 11  0.764933  -0.071825 0.002622 -0.073436 2.558350 -9.158072 8.374908 1.023782
 12  0.765266  -0.071830 0.002651 -0.073475 2.554138 -9.168814 8.290502 1.024349
