 0  0.981378  -0.072068 0.002569 -0.072522 2.150341 -10.149145 9.126048 1.026321
 1  0.983123  -0.071738 0.002543 -0.072554 2.155509 -10.137435 9.096409 1.022775
 2  0.986889  -0.070588 0.003289 -0.072880 2.300340 -10.138116 8.716838 1.024728
 3  0.987759  -0.070466 0.003535 -0.072910 2.324246 -10.125401 8.692242 1.022887
 4  0.989035  -0.070492 0.004106 -0.073060 2.388427 -10.051435 8.618102 1.025176
 5  0.989603  -0.070496 0.004292 -0.073097 2.383621 -10.034394 8.616854 1.023468
 6  0.990454  -0.070524 0.004444 -0.073167 2.439106 -9.913138 8.583334 1.022047
 7  0.993099  -0.070570 0.004600 -0.073376 2.544514 -9.692935 8.628661 1.026123
 8  0.994227  -0.070701 0.004742 -0.073614 2.670712 -9.357545 8.733899 1.026345
 9  0.994590  -0.070720 0.004706 -0.073623 2.677313 -9.347852 8.732030 1.025321
 10  0.994956  -0.070805 0.004500 -0.073626 2.680928 -9.357496 8.686867 1.024330
 11  0.995142  -0.070832 0.004478 -0.073635 2.686926 -9.347554 8.687677 1.024748
 12  0.995142  -0.070832 0.004478 -0.073635 2.686926 -9.347554 8.687677 1.024748
 13  0.995161  -0.070880 0.004429 -0.073642 2.571498 -9.357682 8.700345 1.025193
 14  0.995161  -0.070880 0.004429 -0.073642 2.571498 -9.357682 8.700345 1.025193
 15  0.995161  -0.070880 0.004429 -0.073642 2.571498 -9.357682 8.700345 1.025193
