 0  0.497079  0.000699 0.001138 0.000311 0.075278 -0.174654 -0.163973 0.973761
 1  0.497079  0.000699 0.001138 0.000311 0.075278 -0.174654 -0.163973 0.973761
 2  0.500765  -0.000393 -0.002158 -0.002052 -0.501617 -1.362626 -1.765357 0.964089
 3  0.503625  0.000225 -0.000305 -0.000987 -0.283487 -0.831539 -1.335607 0.961241
 4  0.654035  0.023213 0.037201 0.011348 7.997831 7.277862 4.088967 1.127766
 5  0.682112  0.028022 0.044587 0.017897 9.892945 8.927624 5.249502 1.137264
 6  0.729944  0.027838 0.043858 0.022603 9.866022 9.166009 4.806380 1.086690
 7  0.774151  0.029402 0.044669 0.033838 10.150886 9.971364 3.428069 1.104248
 8  0.798836  0.030174 0.040158 0.040876 10.224131 10.526937 3.148572 1.085746
 9  0.807738  0.030726 0.035218 0.040900 10.232175 10.634112 2.860411 1.104827
 10  0.824185  0.030663 0.032429 0.040582 10.203954 10.499413 2.640899 1.087642
 11  0.849167  0.032321 0.027966 0.038786 9.974964 10.131138 1.625735 1.108638
 12  0.884277  0.033310 0.023612 0.038511 9.856011 9.807988 0.907495 1.078760
 13  0.917664  0.036596 0.017777 0.040394 9.841856 8.131930 -1.255027 1.090162
 14  0.930731  0.037812 0.015870 0.042650 9.817608 7.366933 -1.972503 1.072029
 15  0.971798  0.040408 0.018844 0.065525 9.955234 6.232786 -2.665903 1.079265
 16  0.989724  0.039958 0.017672 0.068476 10.030919 6.079200 -2.554624 1.063544
 17  0.996053  0.039130 0.014969 0.069680 9.990359 6.146071 -2.688607 1.071441
 18  1.002586  0.037857 0.013355 0.070629 10.104358 5.952757 -2.379068 1.061582
 19  1.008102  0.037043 0.012701 0.071504 10.127799 6.029777 -2.264318 1.071385
 20  1.010555  0.035069 0.011343 0.073392 9.967478 6.146589 -2.224052 1.067419
 21  1.011223  0.034727 0.011146 0.073669 10.022003 6.165531 -2.271157 1.072013
 22  1.011223  0.034727 0.011146 0.073669 10.022003 6.165531 -2.271157 1.072013
 23  1.013854  0.033987 0.010767 0.074096 10.088936 6.017801 -2.225444 1.064815
 24  1.019808  0.033318 0.010385 0.074730 10.061970 5.879057 -2.221349 1.071693
 25  1.066598  0.021088 0.003558 0.083429 10.937766 3.064342 -1.112130 1.066624
 26  1.067178  0.020876 0.003503 0.083603 10.972377 2.989035 -1.068676 1.063493
 27  1.067178  0.020876 0.003503 0.083603 10.972377 2.989035 -1.068676 1.063493
 28  1.067828  0.020781 0.003605 0.083762 10.914022 2.930682 -1.140483 1.059100
 29  1.067828  0.020781 0.003605 0.083762 10.914022 2.930682 -1.140483 1.059100
 30  1.070138  0.020534 0.004197 0.084270 10.138431 2.722625 -1.243643 1.055969
 31  1.074423  0.020647 0.004589 0.084458 9.989487 2.683322 -1.218466 1.063211
 32  1.077071  0.021089 0.005332 0.084619 9.845404 2.358572 -1.301736 1.069314
 33  1.081719  0.021465 0.005878 0.084748 9.727605 2.147577 -1.360346 1.061067
 34  1.081915  0.021756 0.006428 0.084770 9.614186 2.087495 -1.417464 1.058127
 35  1.083109  0.021992 0.007017 0.084808 9.457782 2.015411 -1.479773 1.061163
 36  1.084033  0.022142 0.007125 0.084899 9.393498 1.951141 -1.534992 1.063275
 37  1.087634  0.022063 0.006365 0.085660 9.292594 2.131362 -1.868070 1.057647
 38  1.089332  0.022052 0.006219 0.085914 9.287639 2.160169 -1.930632 1.061931
 39  1.089332  0.022052 0.006219 0.085914 9.287639 2.160169 -1.930632 1.061931
 40  1.089866  0.021989 0.006365 0.085908 9.294349 2.125709 -1.906490 1.060622
 41  1.089866  0.021989 0.006365 0.085908 9.294349 2.125709 -1.906490 1.060622
 42  1.089926  0.021907 0.006410 0.085878 9.334051 1.980059 -1.853756 1.058816
 43  1.092622  0.022135 0.006410 0.085993 9.492671 2.359761 -2.098196 1.062080
 44  1.096065  0.021662 0.006241 0.085838 9.479354 1.851063 -2.227725 1.055162
 45  1.103975  0.020495 0.005615 0.085729 9.628555 0.568794 -2.686291 1.052691
 46  1.105065  0.020208 0.005598 0.085741 9.669944 0.438962 -2.752222 1.056759
 47  1.106245  0.019848 0.005463 0.085654 9.750329 0.805775 -2.567489 1.056935
 48  1.106245  0.019848 0.005463 0.085654 9.750329 0.805775 -2.567489 1.056935
 49  1.107188  0.020097 0.004768 0.085445 9.617351 0.836388 -2.972067 1.057552
 50  1.107323  0.019909 0.004849 0.085522 9.671294 0.848262 -2.934625 1.056058
 51  1.109125  0.015191 0.004739 0.084394 9.810695 0.540755 -2.980283 1.058192
 52  1.110387  0.012349 0.005795 0.084913 9.957794 0.374626 -3.097559 1.056481
 53  1.111435  0.012282 0.005877 0.085060 9.982676 0.397783 -3.093339 1.059233
 54  1.111748  0.011866 0.006397 0.085899 10.104310 0.382749 -3.105140 1.061215
 55  1.113332  0.011836 0.006519 0.086373 10.224593 0.514176 -3.302546 1.057086
 56  1.114282  0.011776 0.006410 0.086767 10.388681 0.597335 -3.513965 1.056216
 57  1.114282  0.011776 0.006410 0.086767 10.388681 0.597335 -3.513965 1.056216
 58  1.114282  0.011776 0.006410 0.086767 10.388681 0.597335 -3.513965 1.056216
 59  1.114282  0.011776 0.006410 0.086767 10.388681 0.597335 -3.513965 1.056216
 60  1.114282  0.011776 0.006410 0.086767 10.388681 0.597335 -3.513965 1.056216
 61  1.114282  0.011776 0.006410 0.086767 10.388681 0.597335 -3.513965 1.056216
 62  1.114401  0.011775 0.006408 0.086766 10.388407 0.596777 -3.518048 1.056217
