 0  1.036390  0.013878 0.003647 0.087375 10.833953 0.678164 -3.771300 1.062012
 1  1.040650  0.014070 0.003351 0.087269 10.849208 0.686703 -3.803701 1.056667
 2  1.040650  0.014070 0.003351 0.087269 10.849208 0.686703 -3.803701 1.056667
 3  1.040650  0.014070 0.003351 0.087269 10.849208 0.686703 -3.803701 1.056667
 4  1.040650  0.014070 0.003351 0.087269 10.849208 0.686703 -3.803701 1.056667
 5  1.040650  0.014070 0.003351 0.087269 10.849208 0.686703 -3.803701 1.056667
 6  1.040855  0.014029 0.003371 0.087299 10.937262 0.697244 -3.804188 1.056983
 7  1.041211  0.013922 0.003448 0.087399 11.003187 0.965701 -3.788759 1.056747
 8  1.048719  0.014112 0.003276 0.087118 10.984481 0.834782 -4.430743 1.058733
 9  1.049309  0.014122 0.003195 0.086978 10.978961 0.806364 -4.547387 1.057362
 10  1.049365  0.014066 0.003131 0.086813 10.965769 0.819787 -4.578768 1.056260
 11  1.049365  0.014066 0.003131 0.086813 10.965769 0.819787 -4.578768 1.056260
 12  1.049365  0.014066 0.003131 0.086813 10.965769 0.819787 -4.578768 1.056260
 13  1.049385  0.014062 0.003127 0.086795 10.927462 0.816351 -4.582711 1.056767
 14  1.049904  0.014090 0.003140 0.086878 10.957594 0.961285 -4.600271 1.055935
 15  1.049904  0.014090 0.003140 0.086878 10.957594 0.961285 -4.600271 1.055935
