 0  0.751734  0.017929 0.003650 0.082920 11.377166 1.847208 -5.374593 1.059517
 1  0.753100  0.017932 0.003772 0.082939 11.390364 1.860779 -5.386442 1.061184
 2  0.753181  0.017958 0.003834 0.082942 11.398705 1.867798 -5.392681 1.061797
 3  0.758120  0.018082 0.004635 0.082814 11.496622 1.986596 -5.553215 1.063884
 4  0.774311  0.018472 0.005815 0.082234 11.697057 2.211989 -5.893504 1.058916
 5  0.779582  0.018973 0.005186 0.081251 11.819895 2.406026 -6.091203 1.057720
 6  0.782650  0.019026 0.005057 0.081175 11.823177 2.410080 -6.105175 1.060325
 7  0.784466  0.019160 0.004571 0.080847 11.774418 2.407547 -6.098600 1.061897
 8  0.785519  0.019195 0.004433 0.080715 11.761925 2.418537 -6.100593 1.060221
 9  0.786699  0.019398 0.004267 0.080464 11.728880 2.431069 -6.126961 1.061834
 10  0.787153  0.019533 0.004187 0.080267 11.719592 2.451263 -6.136702 1.060710
 11  0.788686  0.019663 0.004269 0.079635 11.640044 2.597865 -6.225984 1.063087
 12  0.789922  0.019809 0.004362 0.079291 11.586169 2.691251 -6.284248 1.061909
 13  0.790095  0.019997 0.004547 0.079120 11.545915 2.756472 -6.328788 1.061643
 14  0.790384  0.020007 0.004688 0.079135 11.530738 2.772726 -6.350867 1.062308
 15  0.790384  0.020007 0.004688 0.079135 11.530738 2.772726 -6.350867 1.062308
 16  0.790384  0.020007 0.004688 0.079135 11.530738 2.772726 -6.350867 1.062308
 17  0.790384  0.020007 0.004688 0.079135 11.530738 2.772726 -6.350867 1.062308
 18  0.790432  0.020004 0.004685 0.079133 11.531459 2.779953 -6.351052 1.062302
 19  0.790817  0.019964 0.004643 0.079095 11.533559 2.791729 -6.239496 1.062276
