 0  0.948505  0.014205 0.003174 0.086856 10.957403 0.975593 -4.580593 1.058514
 1  0.950232  0.014590 0.003127 0.086434 11.015641 1.028843 -4.622533 1.060682
 2  0.952377  0.014690 0.003024 0.086170 11.037928 1.069796 -4.656598 1.056333
 3  0.965868  0.017165 0.002692 0.082984 11.218785 1.647218 -5.029736 1.062527
 4  0.968233  0.017442 0.002798 0.082703 11.246045 1.722581 -5.061133 1.059622
 5  0.969606  0.017916 0.003291 0.082654 11.313147 1.772587 -5.171416 1.058098
 6  0.970437  0.017977 0.003438 0.082773 11.329017 1.768311 -5.177990 1.060230
 7  0.970551  0.017935 0.003620 0.082863 11.350353 1.784212 -5.210856 1.060589
 8  0.970760  0.017919 0.003663 0.082905 11.353170 1.794836 -5.216096 1.059555
 9  0.970760  0.017919 0.003663 0.082905 11.353170 1.794836 -5.216096 1.059555
 10  0.970856  0.017914 0.003642 0.082894 11.372388 1.795732 -5.215494 1.059698
 11  0.971062  0.017888 0.003593 0.082862 11.377261 1.890862 -5.244130 1.059619
 12  0.971333  0.017929 0.003650 0.082920 11.377179 1.847222 -5.374605 1.059519
