 0  1.059941  -0.001869 -0.051156 -0.051948 0.751168 0.173502 9.484890 1.119227
 1  1.063920  -0.001405 -0.051878 -0.051724 0.866707 0.107688 9.412240 1.113228
 2  1.067725  -0.000745 -0.052320 -0.051514 0.898067 0.094314 9.336614 1.117150
 3  1.070032  -0.000175 -0.052603 -0.051395 0.929439 0.092735 9.188002 1.113114
 4  1.071368  0.000348 -0.052797 -0.051280 0.979404 0.113938 9.160430 1.115913
 5  1.072313  0.001424 -0.052877 -0.051219 1.038426 0.117873 9.167542 1.114084
 6  1.074730  0.004381 -0.051738 -0.050483 1.091892 -0.046720 8.838187 1.112378
 7  1.074730  0.004381 -0.051738 -0.050483 1.091892 -0.046720 8.838187 1.112378
 8  1.074730  0.004381 -0.051738 -0.050483 1.091892 -0.046720 8.838187 1.112378
 9  1.074730  0.004381 -0.051738 -0.050483 1.091892 -0.046720 8.838187 1.112378
 10  1.074730  0.004381 -0.051738 -0.050483 1.091892 -0.046720 8.838187 1.112378
 11  1.074730  0.004381 -0.051738 -0.050483 1.091892 -0.046720 8.838187 1.112378
 12  1.074730  0.004381 -0.051738 -0.050483 1.091892 -0.046720 8.838187 1.112378
 13  1.074730  0.004381 -0.051738 -0.050483 1.091892 -0.046720 8.838187 1.112378
