 0  0.566317  0.000076 -0.002133 -0.003956 -0.352013 -0.301925 -0.291830 1.073104
 1  0.586403  -0.001790 -0.008445 -0.014779 -0.038111 0.062777 -0.919365 1.101667
 2  0.639789  -0.002851 -0.009826 -0.021929 -0.097473 0.251427 -0.495975 1.048735
 3  0.674669  -0.002414 -0.012725 -0.031199 -0.649839 0.435150 -0.665258 1.089760
 4  0.696142  -0.005717 -0.012993 -0.043335 -1.476735 0.400054 -0.593548 1.076505
 5  0.696142  -0.005717 -0.012993 -0.043335 -1.476735 0.400054 -0.593548 1.076505
 6  0.696142  -0.005717 -0.012993 -0.043335 -1.476735 0.400054 -0.593548 1.076505
 7  0.696142  -0.005717 -0.012993 -0.043335 -1.476735 0.400054 -0.593548 1.076505
 8  0.696142  -0.005717 -0.012993 -0.043335 -1.476735 0.400054 -0.593548 1.076505
 9  0.696142  -0.005717 -0.012993 -0.043335 -1.476735 0.400054 -0.593548 1.076505
 10  0.696142  -0.005717 -0.012993 -0.043335 -1.476735 0.400054 -0.593548 1.076505
 11  0.724799  -0.005026 -0.012933 -0.043476 -1.423575 0.636665 1.102417 1.059194
 12  0.728537  -0.005147 -0.013152 -0.043405 -1.438408 0.602048 0.915532 1.064595
 13  0.746841  -0.005724 -0.015207 -0.042492 -1.461369 0.319429 1.036586 1.096506
 14  0.758581  -0.007682 -0.020026 -0.043077 -1.388019 -0.028210 1.430821 1.112880
 15  0.781605  -0.008835 -0.021853 -0.043959 -1.429780 -0.087678 1.639254 1.084241
 16  0.947851  -0.022718 -0.054651 -0.053875 -2.194138 -2.052363 5.036716 1.101375
 17  0.972492  -0.026006 -0.061204 -0.054571 -2.400934 -2.228887 6.822574 1.102542
 18  1.003682  -0.024162 -0.054846 -0.052086 -1.993945 -2.130588 7.635534 1.088560
 19  1.022213  -0.023551 -0.054043 -0.051641 -2.017317 -2.104123 7.747832 1.104404
 20  1.031982  -0.020420 -0.051615 -0.049939 -1.809248 -1.684021 7.843964 1.116339
 21  1.047154  -0.019180 -0.051497 -0.049228 -1.690801 -1.579013 7.828441 1.100907
 22  1.074516  -0.005703 -0.052613 -0.042179 -0.414262 0.468607 7.774831 1.101651
 23  1.084056  -0.004792 -0.052579 -0.042187 -0.283918 0.621674 7.785526 1.113958
 24  1.086597  -0.004712 -0.052605 -0.042533 -0.226022 0.607544 7.910189 1.118196
 25  1.091390  -0.004467 -0.052939 -0.043860 -0.036186 0.489330 8.049338 1.110661
 26  1.098226  -0.004266 -0.052525 -0.045885 -0.060875 0.555230 8.397525 1.119675
 27  1.102922  -0.004002 -0.052269 -0.047096 -0.072699 0.547135 8.666181 1.110978
 28  1.108132  -0.003423 -0.051438 -0.049257 -0.156105 0.468556 9.025769 1.117038
 29  1.111964  -0.002790 -0.050792 -0.050905 0.170761 0.532322 9.203474 1.111556
 30  1.115549  -0.002192 -0.050190 -0.052456 0.634609 0.596968 9.314389 1.117669
 31  1.115549  -0.002192 -0.050190 -0.052456 0.634609 0.596968 9.314389 1.117669
 32  1.117752  -0.002357 -0.050663 -0.052027 0.695512 0.245900 9.535055 1.114321
 33  1.117752  -0.002357 -0.050663 -0.052027 0.695512 0.245900 9.535055 1.114321
 34  1.117752  -0.002357 -0.050663 -0.052027 0.695512 0.245900 9.535055 1.114321
 35  1.117752  -0.002357 -0.050663 -0.052027 0.695512 0.245900 9.535055 1.114321
 36  1.117752  -0.002357 -0.050663 -0.052027 0.695512 0.245900 9.535055 1.114321
 37  1.117752  -0.002357 -0.050663 -0.052027 0.695512 0.245900 9.535055 1.114321
 38  1.117752  -0.002357 -0.050663 -0.052027 0.695512 0.245900 9.535055 1.114321
 39  1.117752  -0.002357 -0.050663 -0.052027 0.695512 0.245900 9.535055 1.114321
