 0  0.993876  0.004564 -0.052150 -0.050562 1.100538 -0.024855 8.793656 1.115287
 1  0.994996  0.004753 -0.052415 -0.050554 1.121495 -0.002555 8.761624 1.112117
 2  1.002476  0.005993 -0.053714 -0.050910 1.169777 0.351256 8.472360 1.115899
 3  1.003909  0.006465 -0.054008 -0.051069 1.190481 0.482190 8.337250 1.114441
 4  1.006652  0.006260 -0.052006 -0.051157 1.207684 0.572894 8.208580 1.112364
 5  1.007720  0.006225 -0.051928 -0.051164 1.220268 0.576344 8.187980 1.114479
 6  1.007720  0.006225 -0.051928 -0.051164 1.220268 0.576344 8.187980 1.114479
 7  1.007782  0.006212 -0.051902 -0.051154 1.222919 0.571187 8.185717 1.114212
 8  1.007806  0.006216 -0.051903 -0.051156 1.223472 0.570827 8.183350 1.114221
 9  1.007806  0.006216 -0.051903 -0.051156 1.223472 0.570827 8.183350 1.114221
 10  1.008144  0.006306 -0.051913 -0.051166 1.376110 0.466166 8.231962 1.113231
 11  1.008314  0.006282 -0.051904 -0.051171 1.349437 0.434135 8.221180 1.113981
 12  1.008563  0.006263 -0.051900 -0.051180 1.345376 0.427467 8.188812 1.114288
