 0  0.803012  0.006669 -0.053166 -0.051573 1.380190 0.452752 7.961666 1.111055
 1  0.805229  0.006760 -0.053323 -0.051781 1.389598 0.470471 7.935785 1.113968
 2  0.819721  0.007277 -0.051499 -0.056507 1.741034 1.019724 7.623029 1.116807
 3  0.822372  0.007229 -0.051435 -0.056577 1.754046 1.034791 7.611313 1.114353
 4  0.822379  0.007184 -0.051416 -0.056562 1.755001 1.041620 7.613784 1.114031
 5  0.822473  0.007177 -0.051414 -0.056550 1.753831 1.041053 7.611538 1.114222
 6  0.822510  0.007174 -0.051415 -0.056547 1.753825 1.040962 7.611279 1.114257
 7  0.822510  0.007174 -0.051415 -0.056547 1.753825 1.040962 7.611279 1.114257
 8  0.822510  0.007174 -0.051415 -0.056547 1.753825 1.040962 7.611279 1.114257
 9  0.822510  0.007174 -0.051415 -0.056547 1.753825 1.040962 7.611279 1.114257
 10  0.822510  0.007174 -0.051415 -0.056547 1.753825 1.040962 7.611279 1.114257
