 0  1.044079  0.104712 -0.075022 0.003419 6.324252 -0.739551 -0.736076 1.182798
 1  1.045968  0.104723 -0.075116 0.003136 6.370408 -0.757334 -0.838343 1.187066
 2  1.046425  0.104596 -0.075186 0.002748 6.369028 -0.792280 -0.943499 1.189173
 3  1.047940  0.104495 -0.075177 0.002596 6.377152 -0.816717 -1.003202 1.185926
 4  1.048681  0.104137 -0.075000 0.002325 6.405707 -0.751306 -1.183755 1.183283
 5  1.049787  0.104007 -0.074933 0.002222 6.405287 -0.774704 -1.227044 1.186300
 6  1.050012  0.103824 -0.074895 0.002141 6.447968 -0.783330 -1.235958 1.187228
 7  1.050129  0.103804 -0.074896 0.002109 6.438032 -0.768562 -1.234117 1.186048
 8  1.050129  0.103804 -0.074896 0.002109 6.438032 -0.768562 -1.234117 1.186048
 9  1.050203  0.103540 -0.074854 0.001990 6.471929 -0.792980 -1.217757 1.184784
 10  1.050203  0.103540 -0.074854 0.001990 6.471929 -0.792980 -1.217757 1.184784
 11  1.050347  0.103528 -0.074849 0.001988 6.469967 -0.816264 -1.216976 1.184914
 12  1.050906  0.103355 -0.074799 0.001907 6.487554 -0.828702 -1.541349 1.186842
