 0  0.961428  0.103353 -0.074955 0.001754 6.518750 -0.841413 -1.537183 1.182105
 1  0.963009  0.103416 -0.075347 0.001320 6.558052 -0.795595 -1.581663 1.179994
 2  0.965589  0.103448 -0.075449 0.001078 6.596318 -0.753004 -1.596467 1.184139
 3  0.965754  0.103504 -0.075644 0.000647 6.663467 -0.710367 -1.593524 1.186089
 4  0.968511  0.103426 -0.075721 0.000361 6.698937 -0.689919 -1.643256 1.181967
 5  0.968511  0.103426 -0.075721 0.000361 6.698937 -0.689919 -1.643256 1.181967
 6  0.968511  0.103426 -0.075721 0.000361 6.698937 -0.689919 -1.643256 1.181967
 7  0.968566  0.103422 -0.075723 0.000353 6.698222 -0.689979 -1.640060 1.182160
 8  0.968634  0.103419 -0.075720 0.000346 6.698099 -0.689737 -1.639259 1.182332
 9  0.968634  0.103419 -0.075720 0.000346 6.698099 -0.689737 -1.639259 1.182332
 10  0.968655  0.103424 -0.075738 0.000364 6.699608 -0.640803 -1.634120 1.181888
 11  0.975328  0.103366 -0.075515 0.000238 6.708125 -0.677138 -2.167723 1.186809
 12  0.977574  0.103177 -0.075239 0.000080 6.725405 -0.712650 -2.519819 1.186291
 13  0.978595  0.103019 -0.075100 0.000041 6.739997 -0.729205 -2.531834 1.184187
 14  0.980576  0.101450 -0.073613 -0.000367 6.851823 -0.781438 -2.571907 1.186834
 15  0.982138  0.101105 -0.073579 -0.000498 6.873989 -0.792390 -2.546035 1.184344
 16  0.983374  0.099932 -0.074540 -0.001203 6.951072 -0.709565 -2.471016 1.184961
 17  0.983467  0.099856 -0.074539 -0.001233 6.956715 -0.707217 -2.467041 1.185361
 18  0.983467  0.099856 -0.074539 -0.001233 6.956715 -0.707217 -2.467041 1.185361
 19  0.983493  0.099828 -0.074534 -0.001237 6.944489 -0.699680 -2.452306 1.185546
 20  0.983493  0.099828 -0.074534 -0.001237 6.944489 -0.699680 -2.452306 1.185546
 21  0.983493  0.099828 -0.074534 -0.001237 6.944489 -0.699680 -2.452306 1.185546
 22  0.983493  0.099828 -0.074534 -0.001237 6.944489 -0.699680 -2.452306 1.185546
 23  0.983868  0.099781 -0.074441 -0.001238 6.955466 -0.726888 -2.632577 1.185373
