 0  0.457562  0.005365 0.023063 -0.000144 -0.548487 -0.180201 0.404975 1.161347
 1  0.458161  0.005762 0.023431 -0.000357 -0.504813 -0.184630 0.459167 1.168365
 2  0.494056  0.013685 0.004279 -0.007846 0.920470 3.694086 3.791228 1.152853
 3  0.579671  0.017841 -0.000220 -0.009175 1.529399 3.990605 3.548002 1.235776
 4  0.614253  0.024179 -0.014661 -0.014680 2.448562 4.013370 3.208947 1.276427
 5  0.680903  0.025012 -0.021541 -0.017650 2.622018 4.508934 3.128116 1.209548
 6  0.759323  0.033713 -0.048850 -0.020791 3.998995 4.138284 3.517642 1.246631
 7  0.779998  0.037551 -0.051973 -0.020071 3.742301 4.154968 3.701341 1.210590
 8  0.801234  0.044966 -0.052986 -0.016384 4.010320 4.114621 3.451518 1.187255
 9  0.832476  0.047576 -0.053280 -0.015310 4.286060 4.037988 3.339152 1.217595
 10  0.879108  0.063754 -0.055489 -0.006666 4.851768 4.385136 3.283400 1.181169
 11  0.914726  0.067894 -0.057247 -0.005546 5.019545 4.508301 2.967148 1.216896
 12  0.971300  0.076720 -0.064881 -0.003651 5.749791 4.293157 2.312985 1.184995
 13  0.995104  0.078868 -0.065969 -0.003199 5.875456 4.181986 2.057924 1.205972
 14  1.024506  0.091818 -0.072244 -0.001118 6.646779 4.283607 2.171527 1.188735
 15  1.032540  0.093275 -0.072412 -0.000841 6.615267 4.199635 2.109955 1.199815
 16  1.037287  0.095844 -0.072939 -0.000509 6.658575 4.178055 1.987045 1.190578
 17  1.040183  0.096525 -0.072986 -0.000349 6.706882 4.240689 1.884908 1.197071
 18  1.049042  0.101532 -0.073617 0.000225 6.804628 4.055311 1.238033 1.187912
 19  1.054803  0.102475 -0.073424 0.000297 6.804688 3.894300 1.225681 1.197192
 20  1.057263  0.105232 -0.073316 0.000101 6.679281 3.545069 1.056064 1.202320
 21  1.061966  0.105618 -0.073606 -0.000140 6.620388 3.593487 1.047232 1.193526
 22  1.063121  0.105276 -0.073475 0.000129 6.641653 3.469234 1.011467 1.196843
 23  1.063121  0.105276 -0.073475 0.000129 6.641653 3.469234 1.011467 1.196843
 24  1.064346  0.105226 -0.073572 -0.000014 6.733646 3.264609 1.109771 1.191893
 25  1.065844  0.105297 -0.073657 -0.000135 6.786180 3.051073 1.211708 1.188821
 26  1.067428  0.105570 -0.073560 -0.000285 6.830279 2.917504 1.293809 1.194287
 27  1.067428  0.105570 -0.073560 -0.000285 6.830279 2.917504 1.293809 1.194287
 28  1.067428  0.105570 -0.073560 -0.000285 6.830279 2.917504 1.293809 1.194287
 29  1.067784  0.105571 -0.073586 -0.000340 6.841145 2.916162 1.277859 1.193521
 30  1.067784  0.105571 -0.073586 -0.000340 6.841145 2.916162 1.277859 1.193521
 31  1.069640  0.105785 -0.073646 -0.000375 6.359794 2.811527 1.199829 1.188869
 32  1.069640  0.105785 -0.073646 -0.000375 6.359794 2.811527 1.199829 1.188869
 33  1.071068  0.105780 -0.073448 -0.000263 6.215359 2.741361 1.170563 1.193052
 34  1.074250  0.106155 -0.072574 0.000907 5.626575 2.377364 0.627293 1.196973
 35  1.077518  0.106191 -0.072764 0.001279 5.749637 2.261294 0.632267 1.187864
 36  1.077742  0.106260 -0.072864 0.001489 5.749299 2.257900 0.586642 1.186896
 37  1.077965  0.106215 -0.072939 0.001775 5.769340 2.287431 0.593312 1.188959
 38  1.079249  0.106379 -0.073196 0.002465 5.757773 2.175684 0.541015 1.194312
 39  1.081836  0.106647 -0.072147 0.001411 5.730070 1.777522 0.750575 1.187384
 40  1.081836  0.106647 -0.072147 0.001411 5.730070 1.777522 0.750575 1.187384
 41  1.082416  0.106609 -0.072210 0.001549 5.715241 1.717611 0.835318 1.188707
 42  1.082416  0.106609 -0.072210 0.001549 5.715241 1.717611 0.835318 1.188707
 43  1.082416  0.106609 -0.072210 0.001549 5.715241 1.717611 0.835318 1.188707
 44  1.082416  0.106609 -0.072210 0.001549 5.715241 1.717611 0.835318 1.188707
 45  1.084845  0.106782 -0.072481 0.001962 5.639928 0.936234 0.979749 1.192001
 46  1.090710  0.107182 -0.073270 0.003318 5.556380 0.471186 0.600299 1.180647
 47  1.090710  0.107182 -0.073270 0.003318 5.556380 0.471186 0.600299 1.180647
 48  1.090710  0.107182 -0.073270 0.003318 5.556380 0.471186 0.600299 1.180647
 49  1.090710  0.107182 -0.073270 0.003318 5.556380 0.471186 0.600299 1.180647
 50  1.090710  0.107182 -0.073270 0.003318 5.556380 0.471186 0.600299 1.180647
 51  1.090710  0.107182 -0.073270 0.003318 5.556380 0.471186 0.600299 1.180647
 52  1.090825  0.107319 -0.073135 0.003454 5.479836 0.131592 0.630517 1.183290
 53  1.094055  0.107659 -0.072913 0.004231 5.395250 -0.733540 -0.268685 1.183353
 54  1.094428  0.107700 -0.072922 0.004082 5.429254 -0.504291 -0.030720 1.183492
 55  1.095281  0.107612 -0.073005 0.004176 5.469147 -0.560321 -0.198138 1.180519
 56  1.096156  0.107118 -0.073566 0.004429 5.696325 -0.596490 -0.055511 1.183520
 57  1.099159  0.104915 -0.074802 0.004205 6.251402 -0.647955 -0.600093 1.183546
 58  1.099594  0.104811 -0.074813 0.004181 6.275604 -0.663530 -0.618989 1.184377
 59  1.099837  0.104669 -0.074593 0.003967 6.181369 -0.657420 -0.574483 1.186227
 60  1.099837  0.104669 -0.074593 0.003967 6.181369 -0.657420 -0.574483 1.186227
 61  1.099837  0.104669 -0.074593 0.003967 6.181369 -0.657420 -0.574483 1.186227
 62  1.099837  0.104669 -0.074593 0.003967 6.181369 -0.657420 -0.574483 1.186227
 63  1.099837  0.104669 -0.074593 0.003967 6.181369 -0.657420 -0.574483 1.186227
 64  1.099837  0.104669 -0.074593 0.003967 6.181369 -0.657420 -0.574483 1.186227
