 0  0.801924  0.099943 -0.074629 -0.001572 6.996159 -0.680621 -2.663983 1.182890
 1  0.805442  0.100153 -0.074659 -0.001936 7.032078 -0.663883 -2.689269 1.186301
 2  0.809533  0.100424 -0.074744 -0.002618 7.082288 -0.642230 -2.759568 1.183513
 3  0.812588  0.100629 -0.074624 -0.003053 7.101972 -0.628159 -2.790076 1.186500
 4  0.815807  0.100981 -0.074297 -0.004111 7.128123 -0.581083 -2.862896 1.184630
 5  0.816952  0.101050 -0.074140 -0.004338 7.128375 -0.574585 -2.879110 1.186094
 6  0.818247  0.101015 -0.073386 -0.004772 7.134277 -0.510741 -3.025280 1.187775
 7  0.820012  0.100956 -0.073249 -0.004911 7.148894 -0.500508 -3.070990 1.185878
 8  0.821044  0.100623 -0.073092 -0.005178 7.214137 -0.479475 -3.209805 1.185062
 9  0.822299  0.100519 -0.073041 -0.005200 7.233817 -0.470695 -3.237955 1.187161
 10  0.822299  0.100519 -0.073041 -0.005200 7.233817 -0.470695 -3.237955 1.187161
 11  0.822299  0.100519 -0.073041 -0.005200 7.233817 -0.470695 -3.237955 1.187161
 12  0.822299  0.100519 -0.073041 -0.005200 7.233817 -0.470695 -3.237955 1.187161
 13  0.822363  0.100461 -0.073059 -0.005225 7.237083 -0.465597 -3.233467 1.186474
 14  0.823076  0.100576 -0.073062 -0.005218 7.396382 -0.477681 -3.249359 1.186369
 15  0.823632  0.100504 -0.073065 -0.005228 7.375195 -0.591950 -3.236580 1.186847
 16  0.823699  0.100509 -0.073064 -0.005227 7.375791 -0.589771 -3.228433 1.186852
